-0.875	0.20712
-0.873289	0.207882
-0.871579	0.208645
-0.869868	0.209408
-0.868157	0.210171
-0.866447	0.210934
-0.864736	0.211697
-0.863025	0.21246
-0.861315	0.213224
-0.859604	0.213988
-0.857893	0.214752
-0.856183	0.215517
-0.854472	0.216282
-0.852761	0.217048
-0.851051	0.217814
-0.84934	0.218581
-0.84763	0.219348
-0.845919	0.220116
-0.844208	0.220884
-0.842498	0.221653
-0.840787	0.222423
-0.839076	0.223194
-0.837366	0.223966
-0.835655	0.224738
-0.833944	0.225511
-0.832234	0.226285
-0.830523	0.22706
-0.828812	0.227837
-0.827102	0.228614
-0.825391	0.229392
-0.82368	0.230171
-0.82197	0.230952
-0.820259	0.231734
-0.818548	0.232517
-0.816838	0.233301
-0.815127	0.234087
-0.813416	0.234873
-0.811706	0.235662
-0.809995	0.236451
-0.808284	0.237243
-0.806574	0.238035
-0.804863	0.23883
-0.803152	0.239625
-0.801442	0.240423
-0.799731	0.241222
-0.798021	0.242023
-0.79631	0.242825
-0.794599	0.243629
-0.792889	0.244436
-0.791178	0.245243
-0.789467	0.246053
-0.787757	0.246865
-0.786046	0.247679
-0.784335	0.248495
-0.782625	0.249312
-0.780914	0.250132
-0.779203	0.250954
-0.777493	0.251778
-0.775782	0.252605
-0.774071	0.253433
-0.772361	0.254264
-0.77065	0.255097
-0.768939	0.255933
-0.767229	0.256771
-0.765518	0.257611
-0.763807	0.258454
-0.762097	0.259299
-0.760386	0.260147
-0.758675	0.260997
-0.756965	0.26185
-0.755254	0.262706
-0.753543	0.263565
-0.751833	0.264426
-0.750122	0.26529
-0.748412	0.266156
-0.746701	0.267026
-0.74499	0.267898
-0.74328	0.268774
-0.741569	0.269652
-0.739858	0.270534
-0.738148	0.271418
-0.736437	0.272306
-0.734726	0.273196
-0.733016	0.27409
-0.731305	0.274987
-0.729594	0.275887
-0.727884	0.276791
-0.726173	0.277698
-0.724462	0.278608
-0.722752	0.279521
-0.721041	0.280438
-0.71933	0.281359
-0.71762	0.282283
-0.715909	0.28321
-0.714198	0.284142
-0.712488	0.285076
-0.710777	0.286015
-0.709066	0.286957
-0.707356	0.287903
-0.705645	0.288852
-0.703935	0.289806
-0.702224	0.290763
-0.700513	0.291724
-0.698803	0.292689
-0.697092	0.293658
-0.695381	0.294632
-0.693671	0.295609
-0.69196	0.29659
-0.690249	0.297575
-0.688539	0.298565
-0.686828	0.299559
-0.685117	0.300557
-0.683407	0.301559
-0.681696	0.302565
-0.679985	0.303576
-0.678275	0.304592
-0.676564	0.305611
-0.674853	0.306636
-0.673143	0.307664
-0.671432	0.308698
-0.669721	0.309735
-0.668011	0.310778
-0.6663	0.311825
-0.664589	0.312877
-0.662879	0.313934
-0.661168	0.314995
-0.659457	0.316061
-0.657747	0.317132
-0.656036	0.318208
-0.654326	0.319289
-0.652615	0.320375
-0.650904	0.321466
-0.649194	0.322562
-0.647483	0.323663
-0.645772	0.324769
-0.644062	0.32588
-0.642351	0.326997
-0.64064	0.328119
-0.63893	0.329246
-0.637219	0.330378
-0.635508	0.331516
-0.633798	0.332659
-0.632087	0.333807
-0.630376	0.334961
-0.628666	0.336121
-0.626955	0.337286
-0.625244	0.338457
-0.623534	0.339633
-0.621823	0.340815
-0.620112	0.342003
-0.618402	0.343196
-0.616691	0.344395
-0.61498	0.3456
-0.61327	0.346811
-0.611559	0.348027
-0.609848	0.34925
-0.608138	0.350478
-0.606427	0.351713
-0.604717	0.352953
-0.603006	0.354199
-0.601295	0.355452
-0.599585	0.35671
-0.597874	0.357975
-0.596163	0.359246
-0.594453	0.360523
-0.592742	0.361806
-0.591031	0.363095
-0.589321	0.364391
-0.58761	0.365693
-0.585899	0.367001
-0.584189	0.368316
-0.582478	0.369637
-0.580767	0.370964
-0.579057	0.372298
-0.577346	0.373639
-0.575635	0.374986
-0.573925	0.376339
-0.572214	0.3777
-0.570503	0.379066
-0.568793	0.38044
-0.567082	0.38182
-0.565371	0.383207
-0.563661	0.3846
-0.56195	0.386001
-0.560239	0.387408
-0.558529	0.388822
-0.556818	0.390243
-0.555108	0.391671
-0.553397	0.393106
-0.551686	0.394548
-0.549976	0.395996
-0.548265	0.397452
-0.546554	0.398915
-0.544844	0.400385
-0.543133	0.401863
-0.541422	0.403347
-0.539712	0.404839
-0.538001	0.406337
-0.53629	0.407844
-0.53458	0.409357
-0.532869	0.410878
-0.531158	0.412406
-0.529448	0.413941
-0.527737	0.415484
-0.526026	0.417035
-0.524316	0.418593
-0.522605	0.420158
-0.520894	0.421731
-0.519184	0.423312
-0.517473	0.4249
-0.515762	0.426496
-0.514052	0.428099
-0.512341	0.429711
-0.51063	0.43133
-0.50892	0.432956
-0.507209	0.434591
-0.505499	0.436234
-0.503788	0.437884
-0.502077	0.439542
-0.500367	0.441209
-0.498656	0.442883
-0.496945	0.444565
-0.495235	0.446255
-0.493524	0.447954
-0.491813	0.44966
-0.490103	0.451375
-0.488392	0.453098
-0.486681	0.454829
-0.484971	0.456568
-0.48326	0.458315
-0.481549	0.460071
-0.479839	0.461835
-0.478128	0.463608
-0.476417	0.465389
-0.474707	0.467178
-0.472996	0.468976
-0.471285	0.470782
-0.469575	0.472597
-0.467864	0.47442
-0.466153	0.476252
-0.464443	0.478093
-0.462732	0.479942
-0.461022	0.4818
-0.459311	0.483667
-0.4576	0.485542
-0.45589	0.487426
-0.454179	0.489319
-0.452468	0.491221
-0.450758	0.493132
-0.449047	0.495052
-0.447336	0.49698
-0.445626	0.498918
-0.443915	0.500865
-0.442204	0.50282
-0.440494	0.504785
-0.438783	0.506759
-0.437072	0.508742
-0.435362	0.510734
-0.433651	0.512735
-0.43194	0.514746
-0.43023	0.516766
-0.428519	0.518795
-0.426808	0.520833
-0.425098	0.522881
-0.423387	0.524938
-0.421676	0.527005
-0.419966	0.529081
-0.418255	0.531167
-0.416544	0.533262
-0.414834	0.535367
-0.413123	0.537481
-0.411413	0.539605
-0.409702	0.541739
-0.407991	0.543882
-0.406281	0.546035
-0.40457	0.548198
-0.402859	0.55037
-0.401149	0.552552
-0.399438	0.554745
-0.397727	0.556947
-0.396017	0.559159
-0.394306	0.561381
-0.392595	0.563612
-0.390885	0.565854
-0.389174	0.568106
-0.387463	0.570368
-0.385753	0.572641
-0.384042	0.574923
-0.382331	0.577215
-0.380621	0.579518
-0.37891	0.581831
-0.377199	0.584154
-0.375489	0.586487
-0.373778	0.588831
-0.372067	0.591185
-0.370357	0.593549
-0.368646	0.595923
-0.366935	0.598306
-0.365225	0.600698
-0.363514	0.6031
-0.361804	0.605511
-0.360093	0.60793
-0.358382	0.610357
-0.356672	0.612793
-0.354961	0.615237
-0.35325	0.617689
-0.35154	0.620148
-0.349829	0.622615
-0.348118	0.625089
-0.346408	0.62757
-0.344697	0.630058
-0.342986	0.632552
-0.341276	0.635052
-0.339565	0.637558
-0.337854	0.640071
-0.336144	0.642589
-0.334433	0.645112
-0.332722	0.647641
-0.331012	0.650175
-0.329301	0.652713
-0.32759	0.655256
-0.32588	0.657804
-0.324169	0.660355
-0.322458	0.662911
-0.320748	0.66547
-0.319037	0.668033
-0.317326	0.670599
-0.315616	0.673168
-0.313905	0.67574
-0.312195	0.678314
-0.310484	0.680891
-0.308773	0.68347
-0.307063	0.686051
-0.305352	0.688634
-0.303641	0.691219
-0.301931	0.693804
-0.30022	0.696391
-0.298509	0.698979
-0.296799	0.701568
-0.295088	0.704157
-0.293377	0.706746
-0.291667	0.709335
-0.289956	0.711925
-0.288245	0.714513
-0.286535	0.717101
-0.284824	0.719689
-0.283113	0.722275
-0.281403	0.72486
-0.279692	0.727444
-0.277981	0.730026
-0.276271	0.732606
-0.27456	0.735184
-0.272849	0.737759
-0.271139	0.740332
-0.269428	0.742902
-0.267717	0.74547
-0.266007	0.748034
-0.264296	0.750595
-0.262586	0.753152
-0.260875	0.755705
-0.259164	0.758254
-0.257454	0.760799
-0.255743	0.763339
-0.254032	0.765875
-0.252322	0.768406
-0.250611	0.770932
-0.2489	0.773452
-0.24719	0.775967
-0.245479	0.778476
-0.243768	0.780979
-0.242058	0.783475
-0.240347	0.785966
-0.238636	0.788449
-0.236926	0.790926
-0.235215	0.793396
-0.233504	0.795858
-0.231794	0.798313
-0.230083	0.800761
-0.228372	0.8032
-0.226662	0.805631
-0.224951	0.808054
-0.22324	0.810468
-0.22153	0.812873
-0.219819	0.81527
-0.218109	0.817657
-0.216398	0.820035
-0.214687	0.822403
-0.212977	0.824761
-0.211266	0.827109
-0.209555	0.829447
-0.207845	0.831774
-0.206134	0.83409
-0.204423	0.836396
-0.202713	0.83869
-0.201002	0.840973
-0.199291	0.843244
-0.197581	0.845504
-0.19587	0.847751
-0.194159	0.849987
-0.192449	0.852209
-0.190738	0.854419
-0.189027	0.856617
-0.187317	0.858801
-0.185606	0.860971
-0.183895	0.863129
-0.182185	0.865272
-0.180474	0.867401
-0.178763	0.869517
-0.177053	0.871617
-0.175342	0.873704
-0.173631	0.875775
-0.171921	0.877831
-0.17021	0.879872
-0.1685	0.881898
-0.166789	0.883908
-0.165078	0.885902
-0.163368	0.887879
-0.161657	0.889841
-0.159946	0.891786
-0.158236	0.893714
-0.156525	0.895625
-0.154814	0.897519
-0.153104	0.899395
-0.151393	0.901254
-0.149682	0.903095
-0.147972	0.904917
-0.146261	0.906722
-0.14455	0.908508
-0.14284	0.910275
-0.141129	0.912024
-0.139418	0.913753
-0.137708	0.915463
-0.135997	0.917153
-0.134286	0.918823
-0.132576	0.920474
-0.130865	0.922104
-0.129154	0.923713
-0.127444	0.925302
-0.125733	0.926871
-0.124022	0.928418
-0.122312	0.929944
-0.120601	0.931448
-0.118891	0.932932
-0.11718	0.934394
-0.115469	0.935835
-0.113759	0.937255
-0.112048	0.938654
-0.110337	0.940031
-0.108627	0.941388
-0.106916	0.942723
-0.105205	0.944037
-0.103495	0.945329
-0.101784	0.946601
-0.100073	0.947851
-0.0983627	0.94908
-0.096652	0.950288
-0.0949413	0.951475
-0.0932307	0.952641
-0.09152	0.953785
-0.0898094	0.954908
-0.0880987	0.95601
-0.0863881	0.957091
-0.0846774	0.958151
-0.0829668	0.959189
-0.0812561	0.960207
-0.0795455	0.961203
-0.0778348	0.962177
-0.0761241	0.963131
-0.0744135	0.964064
-0.0727028	0.964975
-0.0709922	0.965865
-0.0692815	0.966734
-0.0675709	0.967582
-0.0658602	0.968408
-0.0641496	0.969213
-0.0624389	0.969998
-0.0607283	0.97076
-0.0590176	0.971502
-0.0573069	0.972223
-0.0555963	0.972922
-0.0538856	0.9736
-0.052175	0.974257
-0.0504643	0.974893
-0.0487537	0.975508
-0.047043	0.976101
-0.0453324	0.976673
-0.0436217	0.977224
-0.041911	0.977754
-0.0402004	0.978263
-0.0384897	0.97875
-0.0367791	0.979216
-0.0350684	0.979661
-0.0333578	0.980085
-0.0316471	0.980488
-0.0299365	0.980869
-0.0282258	0.98123
-0.0265152	0.981569
-0.0248045	0.981887
-0.0230938	0.982183
-0.0213832	0.982459
-0.0196725	0.982713
-0.0179619	0.982946
-0.0162512	0.983158
-0.0145406	0.983349
-0.0128299	0.983518
-0.0111193	0.983667
-0.0094086	0.983794
-0.00769795	0.9839
-0.00598729	0.983985
-0.00427664	0.984048
-0.00256598	0.984091
-0.000855327	0.984112
0.000855327	0.984112
0.00256598	0.984091
0.00427664	0.984048
0.00598729	0.983985
0.00769795	0.9839
0.0094086	0.983794
0.0111193	0.983667
0.0128299	0.983518
0.0145406	0.983349
0.0162512	0.983158
0.0179619	0.982946
0.0196725	0.982713
0.0213832	0.982459
0.0230938	0.982183
0.0248045	0.981887
0.0265152	0.981569
0.0282258	0.98123
0.0299365	0.980869
0.0316471	0.980488
0.0333578	0.980085
0.0350684	0.979661
0.0367791	0.979216
0.0384897	0.97875
0.0402004	0.978263
0.041911	0.977754
0.0436217	0.977224
0.0453324	0.976673
0.047043	0.976101
0.0487537	0.975508
0.0504643	0.974893
0.052175	0.974257
0.0538856	0.9736
0.0555963	0.972922
0.0573069	0.972223
0.0590176	0.971502
0.0607283	0.97076
0.0624389	0.969998
0.0641496	0.969213
0.0658602	0.968408
0.0675709	0.967582
0.0692815	0.966734
0.0709922	0.965865
0.0727028	0.964975
0.0744135	0.964064
0.0761241	0.963131
0.0778348	0.962177
0.0795455	0.961203
0.0812561	0.960207
0.0829668	0.959189
0.0846774	0.958151
0.0863881	0.957091
0.0880987	0.95601
0.0898094	0.954908
0.09152	0.953785
0.0932307	0.952641
0.0949413	0.951475
0.096652	0.950288
0.0983627	0.94908
0.100073	0.947851
0.101784	0.946601
0.103495	0.945329
0.105205	0.944037
0.106916	0.942723
0.108627	0.941388
0.110337	0.940031
0.112048	0.938654
0.113759	0.937255
0.115469	0.935835
0.11718	0.934394
0.118891	0.932932
0.120601	0.931448
0.122312	0.929944
0.124022	0.928418
0.125733	0.926871
0.127444	0.925302
0.129154	0.923713
0.130865	0.922104
0.132576	0.920474
0.134286	0.918823
0.135997	0.917153
0.137708	0.915463
0.139418	0.913753
0.141129	0.912024
0.14284	0.910275
0.14455	0.908508
0.146261	0.906722
0.147972	0.904917
0.149682	0.903095
0.151393	0.901254
0.153104	0.899395
0.154814	0.897519
0.156525	0.895625
0.158236	0.893714
0.159946	0.891786
0.161657	0.889841
0.163368	0.887879
0.165078	0.885902
0.166789	0.883908
0.1685	0.881898
0.17021	0.879872
0.171921	0.877831
0.173631	0.875775
0.175342	0.873704
0.177053	0.871617
0.178763	0.869517
0.180474	0.867401
0.182185	0.865272
0.183895	0.863129
0.185606	0.860971
0.187317	0.858801
0.189027	0.856617
0.190738	0.854419
0.192449	0.852209
0.194159	0.849987
0.19587	0.847751
0.197581	0.845504
0.199291	0.843244
0.201002	0.840973
0.202713	0.83869
0.204423	0.836396
0.206134	0.83409
0.207845	0.831774
0.209555	0.829447
0.211266	0.827109
0.212977	0.824761
0.214687	0.822403
0.216398	0.820035
0.218109	0.817657
0.219819	0.81527
0.22153	0.812873
0.22324	0.810468
0.224951	0.808054
0.226662	0.805631
0.228372	0.8032
0.230083	0.800761
0.231794	0.798313
0.233504	0.795858
0.235215	0.793396
0.236926	0.790926
0.238636	0.788449
0.240347	0.785966
0.242058	0.783475
0.243768	0.780979
0.245479	0.778476
0.24719	0.775967
0.2489	0.773452
0.250611	0.770932
0.252322	0.768406
0.254032	0.765875
0.255743	0.763339
0.257454	0.760799
0.259164	0.758254
0.260875	0.755705
0.262586	0.753152
0.264296	0.750595
0.266007	0.748034
0.267717	0.74547
0.269428	0.742902
0.271139	0.740332
0.272849	0.737759
0.27456	0.735184
0.276271	0.732606
0.277981	0.730026
0.279692	0.727444
0.281403	0.72486
0.283113	0.722275
0.284824	0.719689
0.286535	0.717101
0.288245	0.714513
0.289956	0.711925
0.291667	0.709335
0.293377	0.706746
0.295088	0.704157
0.296799	0.701568
0.298509	0.698979
0.30022	0.696391
0.301931	0.693804
0.303641	0.691219
0.305352	0.688634
0.307063	0.686051
0.308773	0.68347
0.310484	0.680891
0.312195	0.678314
0.313905	0.67574
0.315616	0.673168
0.317326	0.670599
0.319037	0.668033
0.320748	0.66547
0.322458	0.662911
0.324169	0.660355
0.32588	0.657804
0.32759	0.655256
0.329301	0.652713
0.331012	0.650175
0.332722	0.647641
0.334433	0.645112
0.336144	0.642589
0.337854	0.640071
0.339565	0.637558
0.341276	0.635052
0.342986	0.632552
0.344697	0.630058
0.346408	0.62757
0.348118	0.625089
0.349829	0.622615
0.35154	0.620148
0.35325	0.617689
0.354961	0.615237
0.356672	0.612793
0.358382	0.610357
0.360093	0.60793
0.361804	0.605511
0.363514	0.6031
0.365225	0.600698
0.366935	0.598306
0.368646	0.595923
0.370357	0.593549
0.372067	0.591185
0.373778	0.588831
0.375489	0.586487
0.377199	0.584154
0.37891	0.581831
0.380621	0.579518
0.382331	0.577215
0.384042	0.574923
0.385753	0.572641
0.387463	0.570368
0.389174	0.568106
0.390885	0.565854
0.392595	0.563612
0.394306	0.561381
0.396017	0.559159
0.397727	0.556947
0.399438	0.554745
0.401149	0.552552
0.402859	0.55037
0.40457	0.548198
0.406281	0.546035
0.407991	0.543882
0.409702	0.541739
0.411413	0.539605
0.413123	0.537481
0.414834	0.535367
0.416544	0.533262
0.418255	0.531167
0.419966	0.529081
0.421676	0.527005
0.423387	0.524938
0.425098	0.522881
0.426808	0.520833
0.428519	0.518795
0.43023	0.516766
0.43194	0.514746
0.433651	0.512735
0.435362	0.510734
0.437072	0.508742
0.438783	0.506759
0.440494	0.504785
0.442204	0.50282
0.443915	0.500865
0.445626	0.498918
0.447336	0.49698
0.449047	0.495052
0.450758	0.493132
0.452468	0.491221
0.454179	0.489319
0.45589	0.487426
0.4576	0.485542
0.459311	0.483667
0.461022	0.4818
0.462732	0.479942
0.464443	0.478093
0.466153	0.476252
0.467864	0.47442
0.469575	0.472597
0.471285	0.470782
0.472996	0.468976
0.474707	0.467178
0.476417	0.465389
0.478128	0.463608
0.479839	0.461835
0.481549	0.460071
0.48326	0.458315
0.484971	0.456568
0.486681	0.454829
0.488392	0.453098
0.490103	0.451375
0.491813	0.44966
0.493524	0.447954
0.495235	0.446255
0.496945	0.444565
0.498656	0.442883
0.500367	0.441209
0.502077	0.439542
0.503788	0.437884
0.505499	0.436234
0.507209	0.434591
0.50892	0.432956
0.51063	0.43133
0.512341	0.429711
0.514052	0.428099
0.515762	0.426496
0.517473	0.4249
0.519184	0.423312
0.520894	0.421731
0.522605	0.420158
0.524316	0.418593
0.526026	0.417035
0.527737	0.415484
0.529448	0.413941
0.531158	0.412406
0.532869	0.410878
0.53458	0.409357
0.53629	0.407844
0.538001	0.406337
0.539712	0.404839
0.541422	0.403347
0.543133	0.401863
0.544844	0.400385
0.546554	0.398915
0.548265	0.397452
0.549976	0.395996
0.551686	0.394548
0.553397	0.393106
0.555108	0.391671
0.556818	0.390243
0.558529	0.388822
0.560239	0.387408
0.56195	0.386001
0.563661	0.3846
0.565371	0.383207
0.567082	0.38182
0.568793	0.38044
0.570503	0.379066
0.572214	0.3777
0.573925	0.376339
0.575635	0.374986
0.577346	0.373639
0.579057	0.372298
0.580767	0.370964
0.582478	0.369637
0.584189	0.368316
0.585899	0.367001
0.58761	0.365693
0.589321	0.364391
0.591031	0.363095
0.592742	0.361806
0.594453	0.360523
0.596163	0.359246
0.597874	0.357975
0.599585	0.35671
0.601295	0.355452
0.603006	0.354199
0.604717	0.352953
0.606427	0.351713
0.608138	0.350478
0.609848	0.34925
0.611559	0.348027
0.61327	0.346811
0.61498	0.3456
0.616691	0.344395
0.618402	0.343196
0.620112	0.342003
0.621823	0.340815
0.623534	0.339633
0.625244	0.338457
0.626955	0.337286
0.628666	0.336121
0.630376	0.334961
0.632087	0.333807
0.633798	0.332659
0.635508	0.331516
0.637219	0.330378
0.63893	0.329246
0.64064	0.328119
0.642351	0.326997
0.644062	0.32588
0.645772	0.324769
0.647483	0.323663
0.649194	0.322562
0.650904	0.321466
0.652615	0.320375
0.654326	0.319289
0.656036	0.318208
0.657747	0.317132
0.659457	0.316061
0.661168	0.314995
0.662879	0.313934
0.664589	0.312877
0.6663	0.311825
0.668011	0.310778
0.669721	0.309735
0.671432	0.308698
0.673143	0.307664
0.674853	0.306636
0.676564	0.305611
0.678275	0.304592
0.679985	0.303576
0.681696	0.302565
0.683407	0.301559
0.685117	0.300557
0.686828	0.299559
0.688539	0.298565
0.690249	0.297575
0.69196	0.29659
0.693671	0.295609
0.695381	0.294632
0.697092	0.293658
0.698803	0.292689
0.700513	0.291724
0.702224	0.290763
0.703935	0.289806
0.705645	0.288852
0.707356	0.287903
0.709066	0.286957
0.710777	0.286015
0.712488	0.285076
0.714198	0.284142
0.715909	0.28321
0.71762	0.282283
0.71933	0.281359
0.721041	0.280438
0.722752	0.279521
0.724462	0.278608
0.726173	0.277698
0.727884	0.276791
0.729594	0.275887
0.731305	0.274987
0.733016	0.27409
0.734726	0.273196
0.736437	0.272306
0.738148	0.271418
0.739858	0.270534
0.741569	0.269652
0.74328	0.268774
0.74499	0.267898
0.746701	0.267026
0.748412	0.266156
0.750122	0.26529
0.751833	0.264426
0.753543	0.263565
0.755254	0.262706
0.756965	0.26185
0.758675	0.260997
0.760386	0.260147
0.762097	0.259299
0.763807	0.258454
0.765518	0.257611
0.767229	0.256771
0.768939	0.255933
0.77065	0.255097
0.772361	0.254264
0.774071	0.253433
0.775782	0.252605
0.777493	0.251778
0.779203	0.250954
0.780914	0.250132
0.782625	0.249312
0.784335	0.248495
0.786046	0.247679
0.787757	0.246865
0.789467	0.246053
0.791178	0.245243
0.792889	0.244436
0.794599	0.243629
0.79631	0.242825
0.798021	0.242023
0.799731	0.241222
0.801442	0.240423
0.803152	0.239625
0.804863	0.23883
0.806574	0.238035
0.808284	0.237243
0.809995	0.236451
0.811706	0.235662
0.813416	0.234873
0.815127	0.234087
0.816838	0.233301
0.818548	0.232517
0.820259	0.231734
0.82197	0.230952
0.82368	0.230171
0.825391	0.229392
0.827102	0.228614
0.828812	0.227837
0.830523	0.22706
0.832234	0.226285
0.833944	0.225511
0.835655	0.224738
0.837366	0.223966
0.839076	0.223194
0.840787	0.222423
0.842498	0.221653
0.844208	0.220884
0.845919	0.220116
0.84763	0.219348
0.84934	0.218581
0.851051	0.217814
0.852761	0.217048
0.854472	0.216282
0.856183	0.215517
0.857893	0.214752
0.859604	0.213988
0.861315	0.213224
0.863025	0.21246
0.864736	0.211697
0.866447	0.210934
0.868157	0.210171
0.869868	0.209408
0.871579	0.208645
0.873289	0.207882
0.875	0.20712
