-0.875	0.20712
-0.873289	0.207763
-0.871579	0.208409
-0.869868	0.209058
-0.868157	0.20971
-0.866447	0.210365
-0.864736	0.211022
-0.863025	0.211682
-0.861315	0.212345
-0.859604	0.213011
-0.857893	0.21368
-0.856183	0.214351
-0.854472	0.215025
-0.852761	0.215703
-0.851051	0.216383
-0.84934	0.217066
-0.84763	0.217752
-0.845919	0.218441
-0.844208	0.219133
-0.842498	0.219828
-0.840787	0.220526
-0.839076	0.221227
-0.837366	0.221931
-0.835655	0.222638
-0.833944	0.223348
-0.832234	0.224061
-0.830523	0.224778
-0.828812	0.225497
-0.827102	0.226219
-0.825391	0.226945
-0.82368	0.227674
-0.82197	0.228406
-0.820259	0.229141
-0.818548	0.229879
-0.816838	0.230621
-0.815127	0.231366
-0.813416	0.232114
-0.811706	0.232865
-0.809995	0.23362
-0.808284	0.234378
-0.806574	0.235139
-0.804863	0.235903
-0.803152	0.236671
-0.801442	0.237443
-0.799731	0.238217
-0.798021	0.238995
-0.79631	0.239777
-0.794599	0.240562
-0.792889	0.24135
-0.791178	0.242142
-0.789467	0.242937
-0.787757	0.243736
-0.786046	0.244538
-0.784335	0.245344
-0.782625	0.246153
-0.780914	0.246966
-0.779203	0.247783
-0.777493	0.248603
-0.775782	0.249427
-0.774071	0.250254
-0.772361	0.251086
-0.77065	0.25192
-0.768939	0.252759
-0.767229	0.253601
-0.765518	0.254447
-0.763807	0.255297
-0.762097	0.25615
-0.760386	0.257008
-0.758675	0.257869
-0.756965	0.258734
-0.755254	0.259602
-0.753543	0.260475
-0.751833	0.261352
-0.750122	0.262232
-0.748412	0.263116
-0.746701	0.264005
-0.74499	0.264897
-0.74328	0.265793
-0.741569	0.266694
-0.739858	0.267598
-0.738148	0.268506
-0.736437	0.269419
-0.734726	0.270335
-0.733016	0.271256
-0.731305	0.27218
-0.729594	0.273109
-0.727884	0.274042
-0.726173	0.274979
-0.724462	0.275921
-0.722752	0.276866
-0.721041	0.277816
-0.71933	0.27877
-0.71762	0.279729
-0.715909	0.280692
-0.714198	0.281659
-0.712488	0.28263
-0.710777	0.283606
-0.709066	0.284586
-0.707356	0.285571
-0.705645	0.28656
-0.703935	0.287553
-0.702224	0.288551
-0.700513	0.289553
-0.698803	0.29056
-0.697092	0.291572
-0.695381	0.292588
-0.693671	0.293609
-0.69196	0.294634
-0.690249	0.295664
-0.688539	0.296698
-0.686828	0.297738
-0.685117	0.298781
-0.683407	0.29983
-0.681696	0.300883
-0.679985	0.301941
-0.678275	0.303004
-0.676564	0.304072
-0.674853	0.305145
-0.673143	0.306222
-0.671432	0.307304
-0.669721	0.308391
-0.668011	0.309483
-0.6663	0.31058
-0.664589	0.311682
-0.662879	0.312789
-0.661168	0.313901
-0.659457	0.315018
-0.657747	0.31614
-0.656036	0.317267
-0.654326	0.318399
-0.652615	0.319537
-0.650904	0.320679
-0.649194	0.321827
-0.647483	0.32298
-0.645772	0.324138
-0.644062	0.325301
-0.642351	0.326469
-0.64064	0.327643
-0.63893	0.328822
-0.637219	0.330007
-0.635508	0.331197
-0.633798	0.332392
-0.632087	0.333592
-0.630376	0.334798
-0.628666	0.33601
-0.626955	0.337227
-0.625244	0.338449
-0.623534	0.339677
-0.621823	0.340911
-0.620112	0.34215
-0.618402	0.343394
-0.616691	0.344645
-0.61498	0.345901
-0.61327	0.347162
-0.611559	0.348429
-0.609848	0.349702
-0.608138	0.350981
-0.606427	0.352265
-0.604717	0.353555
-0.603006	0.354851
-0.601295	0.356153
-0.599585	0.357461
-0.597874	0.358775
-0.596163	0.360094
-0.594453	0.361419
-0.592742	0.362751
-0.591031	0.364088
-0.589321	0.365431
-0.58761	0.36678
-0.585899	0.368136
-0.584189	0.369497
-0.582478	0.370864
-0.580767	0.372238
-0.579057	0.373618
-0.577346	0.375003
-0.575635	0.376395
-0.573925	0.377794
-0.572214	0.379198
-0.570503	0.380609
-0.568793	0.382026
-0.567082	0.383449
-0.565371	0.384878
-0.563661	0.386314
-0.56195	0.387756
-0.560239	0.389205
-0.558529	0.39066
-0.556818	0.392121
-0.555108	0.393589
-0.553397	0.395063
-0.551686	0.396544
-0.549976	0.398031
-0.548265	0.399525
-0.546554	0.401025
-0.544844	0.402532
-0.543133	0.404046
-0.541422	0.405566
-0.539712	0.407093
-0.538001	0.408626
-0.53629	0.410166
-0.53458	0.411713
-0.532869	0.413266
-0.531158	0.414827
-0.529448	0.416394
-0.527737	0.417967
-0.526026	0.419548
-0.524316	0.421135
-0.522605	0.422729
-0.520894	0.42433
-0.519184	0.425938
-0.517473	0.427553
-0.515762	0.429174
-0.514052	0.430803
-0.512341	0.432439
-0.51063	0.434081
-0.50892	0.43573
-0.507209	0.437387
-0.505499	0.43905
-0.503788	0.440721
-0.502077	0.442398
-0.500367	0.444083
-0.498656	0.445774
-0.496945	0.447473
-0.495235	0.449178
-0.493524	0.450891
-0.491813	0.452611
-0.490103	0.454338
-0.488392	0.456073
-0.486681	0.457814
-0.484971	0.459562
-0.48326	0.461318
-0.481549	0.463081
-0.479839	0.464851
-0.478128	0.466629
-0.476417	0.468413
-0.474707	0.470205
-0.472996	0.472004
-0.471285	0.47381
-0.469575	0.475624
-0.467864	0.477445
-0.466153	0.479273
-0.464443	0.481108
-0.462732	0.482951
-0.461022	0.484801
-0.459311	0.486658
-0.4576	0.488522
-0.45589	0.490394
-0.454179	0.492273
-0.452468	0.49416
-0.450758	0.496053
-0.449047	0.497954
-0.447336	0.499863
-0.445626	0.501779
-0.443915	0.503702
-0.442204	0.505632
-0.440494	0.50757
-0.438783	0.509515
-0.437072	0.511467
-0.435362	0.513426
-0.433651	0.515393
-0.43194	0.517367
-0.43023	0.519349
-0.428519	0.521338
-0.426808	0.523334
-0.425098	0.525337
-0.423387	0.527347
-0.421676	0.529365
-0.419966	0.53139
-0.418255	0.533422
-0.416544	0.535462
-0.414834	0.537509
-0.413123	0.539562
-0.411413	0.541623
-0.409702	0.543692
-0.407991	0.545767
-0.406281	0.547849
-0.40457	0.549939
-0.402859	0.552035
-0.401149	0.554139
-0.399438	0.55625
-0.397727	0.558368
-0.396017	0.560492
-0.394306	0.562624
-0.392595	0.564763
-0.390885	0.566908
-0.389174	0.569061
-0.387463	0.57122
-0.385753	0.573386
-0.384042	0.575559
-0.382331	0.577739
-0.380621	0.579925
-0.37891	0.582118
-0.377199	0.584318
-0.375489	0.586524
-0.373778	0.588737
-0.372067	0.590957
-0.370357	0.593183
-0.368646	0.595415
-0.366935	0.597654
-0.365225	0.5999
-0.363514	0.602151
-0.361804	0.604409
-0.360093	0.606673
-0.358382	0.608943
-0.356672	0.61122
-0.354961	0.613502
-0.35325	0.615791
-0.35154	0.618085
-0.349829	0.620385
-0.348118	0.622691
-0.346408	0.625003
-0.344697	0.627321
-0.342986	0.629644
-0.341276	0.631973
-0.339565	0.634308
-0.337854	0.636648
-0.336144	0.638993
-0.334433	0.641343
-0.332722	0.643699
-0.331012	0.64606
-0.329301	0.648426
-0.32759	0.650797
-0.32588	0.653173
-0.324169	0.655554
-0.322458	0.657939
-0.320748	0.660329
-0.319037	0.662724
-0.317326	0.665123
-0.315616	0.667527
-0.313905	0.669935
-0.312195	0.672347
-0.310484	0.674763
-0.308773	0.677184
-0.307063	0.679608
-0.305352	0.682036
-0.303641	0.684467
-0.301931	0.686903
-0.30022	0.689341
-0.298509	0.691783
-0.296799	0.694229
-0.295088	0.696677
-0.293377	0.699129
-0.291667	0.701583
-0.289956	0.704041
-0.288245	0.706501
-0.286535	0.708963
-0.284824	0.711428
-0.283113	0.713895
-0.281403	0.716364
-0.279692	0.718836
-0.277981	0.721309
-0.276271	0.723784
-0.27456	0.726261
-0.272849	0.728739
-0.271139	0.731218
-0.269428	0.733699
-0.267717	0.73618
-0.266007	0.738663
-0.264296	0.741146
-0.262586	0.743629
-0.260875	0.746114
-0.259164	0.748598
-0.257454	0.751082
-0.255743	0.753567
-0.254032	0.756051
-0.252322	0.758535
-0.250611	0.761018
-0.2489	0.763501
-0.24719	0.765982
-0.245479	0.768463
-0.243768	0.770942
-0.242058	0.773419
-0.240347	0.775895
-0.238636	0.77837
-0.236926	0.780842
-0.235215	0.783312
-0.233504	0.78578
-0.231794	0.788245
-0.230083	0.790707
-0.228372	0.793166
-0.226662	0.795622
-0.224951	0.798075
-0.22324	0.800524
-0.22153	0.80297
-0.219819	0.805411
-0.218109	0.807848
-0.216398	0.810281
-0.214687	0.812709
-0.212977	0.815132
-0.211266	0.81755
-0.209555	0.819963
-0.207845	0.822371
-0.206134	0.824772
-0.204423	0.827168
-0.202713	0.829557
-0.201002	0.831941
-0.199291	0.834317
-0.197581	0.836687
-0.19587	0.839049
-0.194159	0.841404
-0.192449	0.843752
-0.190738	0.846092
-0.189027	0.848423
-0.187317	0.850747
-0.185606	0.853062
-0.183895	0.855368
-0.182185	0.857665
-0.180474	0.859953
-0.178763	0.862231
-0.177053	0.8645
-0.175342	0.866758
-0.173631	0.869006
-0.171921	0.871244
-0.17021	0.873471
-0.1685	0.875687
-0.166789	0.877892
-0.165078	0.880085
-0.163368	0.882266
-0.161657	0.884435
-0.159946	0.886592
-0.158236	0.888737
-0.156525	0.890868
-0.154814	0.892987
-0.153104	0.895092
-0.151393	0.897184
-0.149682	0.899261
-0.147972	0.901325
-0.146261	0.903374
-0.14455	0.905408
-0.14284	0.907428
-0.141129	0.909432
-0.139418	0.911421
-0.137708	0.913395
-0.135997	0.915352
-0.134286	0.917293
-0.132576	0.919218
-0.130865	0.921126
-0.129154	0.923016
-0.127444	0.92489
-0.125733	0.926746
-0.124022	0.928585
-0.122312	0.930405
-0.120601	0.932207
-0.118891	0.93399
-0.11718	0.935755
-0.115469	0.937501
-0.113759	0.939227
-0.112048	0.940934
-0.110337	0.942621
-0.108627	0.944288
-0.106916	0.945935
-0.105205	0.947561
-0.103495	0.949167
-0.101784	0.950751
-0.100073	0.952314
-0.0983627	0.953856
-0.096652	0.955376
-0.0949413	0.956874
-0.0932307	0.95835
-0.09152	0.959804
-0.0898094	0.961235
-0.0880987	0.962643
-0.0863881	0.964028
-0.0846774	0.96539
-0.0829668	0.966728
-0.0812561	0.968042
-0.0795455	0.969333
-0.0778348	0.970599
-0.0761241	0.971841
-0.0744135	0.973059
-0.0727028	0.974252
-0.0709922	0.97542
-0.0692815	0.976563
-0.0675709	0.97768
-0.0658602	0.978773
-0.0641496	0.979839
-0.0624389	0.98088
-0.0607283	0.981894
-0.0590176	0.982883
-0.0573069	0.983845
-0.0555963	0.98478
-0.0538856	0.985689
-0.052175	0.986572
-0.0504643	0.987427
-0.0487537	0.988255
-0.047043	0.989056
-0.0453324	0.989829
-0.0436217	0.990575
-0.041911	0.991294
-0.0402004	0.991984
-0.0384897	0.992647
-0.0367791	0.993282
-0.0350684	0.993889
-0.0333578	0.994467
-0.0316471	0.995017
-0.0299365	0.995539
-0.0282258	0.996032
-0.0265152	0.996497
-0.0248045	0.996933
-0.0230938	0.99734
-0.0213832	0.997719
-0.0196725	0.998069
-0.0179619	0.998389
-0.0162512	0.998681
-0.0145406	0.998944
-0.0128299	0.999178
-0.0111193	0.999382
-0.0094086	0.999558
-0.00769795	0.999704
-0.00598729	0.999821
-0.00427664	0.999909
-0.00256598	0.999967
-0.000855327	0.999996
0.000855327	0.999996
0.00256598	0.999967
0.00427664	0.999909
0.00598729	0.999821
0.00769795	0.999704
0.0094086	0.999558
0.0111193	0.999382
0.0128299	0.999178
0.0145406	0.998944
0.0162512	0.998681
0.0179619	0.998389
0.0196725	0.998069
0.0213832	0.997719
0.0230938	0.99734
0.0248045	0.996933
0.0265152	0.996497
0.0282258	0.996032
0.0299365	0.995539
0.0316471	0.995017
0.0333578	0.994467
0.0350684	0.993889
0.0367791	0.993282
0.0384897	0.992647
0.0402004	0.991984
0.041911	0.991294
0.0436217	0.990575
0.0453324	0.989829
0.047043	0.989056
0.0487537	0.988255
0.0504643	0.987427
0.052175	0.986572
0.0538856	0.985689
0.0555963	0.98478
0.0573069	0.983845
0.0590176	0.982883
0.0607283	0.981894
0.0624389	0.98088
0.0641496	0.979839
0.0658602	0.978773
0.0675709	0.97768
0.0692815	0.976563
0.0709922	0.97542
0.0727028	0.974252
0.0744135	0.973059
0.0761241	0.971841
0.0778348	0.970599
0.0795455	0.969333
0.0812561	0.968042
0.0829668	0.966728
0.0846774	0.96539
0.0863881	0.964028
0.0880987	0.962643
0.0898094	0.961235
0.09152	0.959804
0.0932307	0.95835
0.0949413	0.956874
0.096652	0.955376
0.0983627	0.953856
0.100073	0.952314
0.101784	0.950751
0.103495	0.949167
0.105205	0.947561
0.106916	0.945935
0.108627	0.944288
0.110337	0.942621
0.112048	0.940934
0.113759	0.939227
0.115469	0.937501
0.11718	0.935755
0.118891	0.93399
0.120601	0.932207
0.122312	0.930405
0.124022	0.928585
0.125733	0.926746
0.127444	0.92489
0.129154	0.923016
0.130865	0.921126
0.132576	0.919218
0.134286	0.917293
0.135997	0.915352
0.137708	0.913395
0.139418	0.911421
0.141129	0.909432
0.14284	0.907428
0.14455	0.905408
0.146261	0.903374
0.147972	0.901325
0.149682	0.899261
0.151393	0.897184
0.153104	0.895092
0.154814	0.892987
0.156525	0.890868
0.158236	0.888737
0.159946	0.886592
0.161657	0.884435
0.163368	0.882266
0.165078	0.880085
0.166789	0.877892
0.1685	0.875687
0.17021	0.873471
0.171921	0.871244
0.173631	0.869006
0.175342	0.866758
0.177053	0.8645
0.178763	0.862231
0.180474	0.859953
0.182185	0.857665
0.183895	0.855368
0.185606	0.853062
0.187317	0.850747
0.189027	0.848423
0.190738	0.846092
0.192449	0.843752
0.194159	0.841404
0.19587	0.839049
0.197581	0.836687
0.199291	0.834317
0.201002	0.831941
0.202713	0.829557
0.204423	0.827168
0.206134	0.824772
0.207845	0.822371
0.209555	0.819963
0.211266	0.81755
0.212977	0.815132
0.214687	0.812709
0.216398	0.810281
0.218109	0.807848
0.219819	0.805411
0.22153	0.80297
0.22324	0.800524
0.224951	0.798075
0.226662	0.795622
0.228372	0.793166
0.230083	0.790707
0.231794	0.788245
0.233504	0.78578
0.235215	0.783312
0.236926	0.780842
0.238636	0.77837
0.240347	0.775895
0.242058	0.773419
0.243768	0.770942
0.245479	0.768463
0.24719	0.765982
0.2489	0.763501
0.250611	0.761018
0.252322	0.758535
0.254032	0.756051
0.255743	0.753567
0.257454	0.751082
0.259164	0.748598
0.260875	0.746114
0.262586	0.743629
0.264296	0.741146
0.266007	0.738663
0.267717	0.73618
0.269428	0.733699
0.271139	0.731218
0.272849	0.728739
0.27456	0.726261
0.276271	0.723784
0.277981	0.721309
0.279692	0.718836
0.281403	0.716364
0.283113	0.713895
0.284824	0.711428
0.286535	0.708963
0.288245	0.706501
0.289956	0.704041
0.291667	0.701583
0.293377	0.699129
0.295088	0.696677
0.296799	0.694229
0.298509	0.691783
0.30022	0.689341
0.301931	0.686903
0.303641	0.684467
0.305352	0.682036
0.307063	0.679608
0.308773	0.677184
0.310484	0.674763
0.312195	0.672347
0.313905	0.669935
0.315616	0.667527
0.317326	0.665123
0.319037	0.662724
0.320748	0.660329
0.322458	0.657939
0.324169	0.655554
0.32588	0.653173
0.32759	0.650797
0.329301	0.648426
0.331012	0.64606
0.332722	0.643699
0.334433	0.641343
0.336144	0.638993
0.337854	0.636648
0.339565	0.634308
0.341276	0.631973
0.342986	0.629644
0.344697	0.627321
0.346408	0.625003
0.348118	0.622691
0.349829	0.620385
0.35154	0.618085
0.35325	0.615791
0.354961	0.613502
0.356672	0.61122
0.358382	0.608943
0.360093	0.606673
0.361804	0.604409
0.363514	0.602151
0.365225	0.5999
0.366935	0.597654
0.368646	0.595415
0.370357	0.593183
0.372067	0.590957
0.373778	0.588737
0.375489	0.586524
0.377199	0.584318
0.37891	0.582118
0.380621	0.579925
0.382331	0.577739
0.384042	0.575559
0.385753	0.573386
0.387463	0.57122
0.389174	0.569061
0.390885	0.566908
0.392595	0.564763
0.394306	0.562624
0.396017	0.560492
0.397727	0.558368
0.399438	0.55625
0.401149	0.554139
0.402859	0.552035
0.40457	0.549939
0.406281	0.547849
0.407991	0.545767
0.409702	0.543692
0.411413	0.541623
0.413123	0.539562
0.414834	0.537509
0.416544	0.535462
0.418255	0.533422
0.419966	0.53139
0.421676	0.529365
0.423387	0.527347
0.425098	0.525337
0.426808	0.523334
0.428519	0.521338
0.43023	0.519349
0.43194	0.517367
0.433651	0.515393
0.435362	0.513426
0.437072	0.511467
0.438783	0.509515
0.440494	0.50757
0.442204	0.505632
0.443915	0.503702
0.445626	0.501779
0.447336	0.499863
0.449047	0.497954
0.450758	0.496053
0.452468	0.49416
0.454179	0.492273
0.45589	0.490394
0.4576	0.488522
0.459311	0.486658
0.461022	0.484801
0.462732	0.482951
0.464443	0.481108
0.466153	0.479273
0.467864	0.477445
0.469575	0.475624
0.471285	0.47381
0.472996	0.472004
0.474707	0.470205
0.476417	0.468413
0.478128	0.466629
0.479839	0.464851
0.481549	0.463081
0.48326	0.461318
0.484971	0.459562
0.486681	0.457814
0.488392	0.456073
0.490103	0.454338
0.491813	0.452611
0.493524	0.450891
0.495235	0.449178
0.496945	0.447473
0.498656	0.445774
0.500367	0.444083
0.502077	0.442398
0.503788	0.440721
0.505499	0.43905
0.507209	0.437387
0.50892	0.43573
0.51063	0.434081
0.512341	0.432439
0.514052	0.430803
0.515762	0.429174
0.517473	0.427553
0.519184	0.425938
0.520894	0.42433
0.522605	0.422729
0.524316	0.421135
0.526026	0.419548
0.527737	0.417967
0.529448	0.416394
0.531158	0.414827
0.532869	0.413266
0.53458	0.411713
0.53629	0.410166
0.538001	0.408626
0.539712	0.407093
0.541422	0.405566
0.543133	0.404046
0.544844	0.402532
0.546554	0.401025
0.548265	0.399525
0.549976	0.398031
0.551686	0.396544
0.553397	0.395063
0.555108	0.393589
0.556818	0.392121
0.558529	0.39066
0.560239	0.389205
0.56195	0.387756
0.563661	0.386314
0.565371	0.384878
0.567082	0.383449
0.568793	0.382026
0.570503	0.380609
0.572214	0.379198
0.573925	0.377794
0.575635	0.376395
0.577346	0.375003
0.579057	0.373618
0.580767	0.372238
0.582478	0.370864
0.584189	0.369497
0.585899	0.368136
0.58761	0.36678
0.589321	0.365431
0.591031	0.364088
0.592742	0.362751
0.594453	0.361419
0.596163	0.360094
0.597874	0.358775
0.599585	0.357461
0.601295	0.356153
0.603006	0.354851
0.604717	0.353555
0.606427	0.352265
0.608138	0.350981
0.609848	0.349702
0.611559	0.348429
0.61327	0.347162
0.61498	0.345901
0.616691	0.344645
0.618402	0.343394
0.620112	0.34215
0.621823	0.340911
0.623534	0.339677
0.625244	0.338449
0.626955	0.337227
0.628666	0.33601
0.630376	0.334798
0.632087	0.333592
0.633798	0.332392
0.635508	0.331197
0.637219	0.330007
0.63893	0.328822
0.64064	0.327643
0.642351	0.326469
0.644062	0.325301
0.645772	0.324138
0.647483	0.32298
0.649194	0.321827
0.650904	0.320679
0.652615	0.319537
0.654326	0.318399
0.656036	0.317267
0.657747	0.31614
0.659457	0.315018
0.661168	0.313901
0.662879	0.312789
0.664589	0.311682
0.6663	0.31058
0.668011	0.309483
0.669721	0.308391
0.671432	0.307304
0.673143	0.306222
0.674853	0.305145
0.676564	0.304072
0.678275	0.303004
0.679985	0.301941
0.681696	0.300883
0.683407	0.29983
0.685117	0.298781
0.686828	0.297738
0.688539	0.296698
0.690249	0.295664
0.69196	0.294634
0.693671	0.293609
0.695381	0.292588
0.697092	0.291572
0.698803	0.29056
0.700513	0.289553
0.702224	0.288551
0.703935	0.287553
0.705645	0.28656
0.707356	0.285571
0.709066	0.284586
0.710777	0.283606
0.712488	0.28263
0.714198	0.281659
0.715909	0.280692
0.71762	0.279729
0.71933	0.27877
0.721041	0.277816
0.722752	0.276866
0.724462	0.275921
0.726173	0.274979
0.727884	0.274042
0.729594	0.273109
0.731305	0.27218
0.733016	0.271256
0.734726	0.270335
0.736437	0.269419
0.738148	0.268506
0.739858	0.267598
0.741569	0.266694
0.74328	0.265793
0.74499	0.264897
0.746701	0.264005
0.748412	0.263116
0.750122	0.262232
0.751833	0.261352
0.753543	0.260475
0.755254	0.259602
0.756965	0.258734
0.758675	0.257869
0.760386	0.257008
0.762097	0.25615
0.763807	0.255297
0.765518	0.254447
0.767229	0.253601
0.768939	0.252759
0.77065	0.25192
0.772361	0.251086
0.774071	0.250254
0.775782	0.249427
0.777493	0.248603
0.779203	0.247783
0.780914	0.246966
0.782625	0.246153
0.784335	0.245344
0.786046	0.244538
0.787757	0.243736
0.789467	0.242937
0.791178	0.242142
0.792889	0.24135
0.794599	0.240562
0.79631	0.239777
0.798021	0.238995
0.799731	0.238217
0.801442	0.237443
0.803152	0.236671
0.804863	0.235903
0.806574	0.235139
0.808284	0.234378
0.809995	0.23362
0.811706	0.232865
0.813416	0.232114
0.815127	0.231366
0.816838	0.230621
0.818548	0.229879
0.820259	0.229141
0.82197	0.228406
0.82368	0.227674
0.825391	0.226945
0.827102	0.226219
0.828812	0.225497
0.830523	0.224778
0.832234	0.224061
0.833944	0.223348
0.835655	0.222638
0.837366	0.221931
0.839076	0.221227
0.840787	0.220526
0.842498	0.219828
0.844208	0.219133
0.845919	0.218441
0.84763	0.217752
0.84934	0.217066
0.851051	0.216383
0.852761	0.215703
0.854472	0.215025
0.856183	0.214351
0.857893	0.21368
0.859604	0.213011
0.861315	0.212345
0.863025	0.211682
0.864736	0.211022
0.866447	0.210365
0.868157	0.20971
0.869868	0.209058
0.871579	0.208409
0.873289	0.207763
0.875	0.20712
