-1.5	0.328125
-1.49854	0.325214
-1.49707	0.322308
-1.49561	0.319409
-1.49415	0.316522
-1.49269	0.313649
-1.49122	0.310791
-1.48976	0.307946
-1.4883	0.305113
-1.48684	0.302292
-1.48537	0.299482
-1.48391	0.296684
-1.48245	0.293898
-1.48098	0.291124
-1.47952	0.288362
-1.47806	0.285612
-1.4766	0.282874
-1.47513	0.280148
-1.47367	0.277434
-1.47221	0.274731
-1.47075	0.27204
-1.46928	0.269361
-1.46782	0.266694
-1.46636	0.264038
-1.4649	0.261394
-1.46343	0.258762
-1.46197	0.256141
-1.46051	0.253532
-1.45904	0.250934
-1.45758	0.248348
-1.45612	0.245773
-1.45466	0.24321
-1.45319	0.240658
-1.45173	0.238118
-1.45027	0.235589
-1.44881	0.233072
-1.44734	0.230565
-1.44588	0.228071
-1.44442	0.225587
-1.44295	0.223115
-1.44149	0.220653
-1.44003	0.218203
-1.43857	0.215765
-1.4371	0.213337
-1.43564	0.21092
-1.43418	0.208515
-1.43272	0.206121
-1.43125	0.203737
-1.42979	0.201365
-1.42833	0.199004
-1.42687	0.196653
-1.4254	0.194314
-1.42394	0.191985
-1.42248	0.189668
-1.42101	0.187361
-1.41955	0.185065
-1.41809	0.182779
-1.41663	0.180505
-1.41516	0.178241
-1.4137	0.175988
-1.41224	0.173746
-1.41078	0.171514
-1.40931	0.169293
-1.40785	0.167083
-1.40639	0.164883
-1.40492	0.162694
-1.40346	0.160515
-1.402	0.158347
-1.40054	0.156189
-1.39907	0.154042
-1.39761	0.151905
-1.39615	0.149778
-1.39469	0.147662
-1.39322	0.145556
-1.39176	0.143461
-1.3903	0.141376
-1.38884	0.139301
-1.38737	0.137236
-1.38591	0.135182
-1.38445	0.133138
-1.38298	0.131103
-1.38152	0.12908
-1.38006	0.127066
-1.3786	0.125062
-1.37713	0.123068
-1.37567	0.121085
-1.37421	0.119111
-1.37275	0.117147
-1.37128	0.115193
-1.36982	0.11325
-1.36836	0.111316
-1.36689	0.109392
-1.36543	0.107478
-1.36397	0.105573
-1.36251	0.103679
-1.36104	0.101794
-1.35958	0.099919
-1.35812	0.0980538
-1.35666	0.0961982
-1.35519	0.0943523
-1.35373	0.092516
-1.35227	0.0906894
-1.3508	0.0888724
-1.34934	0.0870649
-1.34788	0.085267
-1.34642	0.0834786
-1.34495	0.0816997
-1.34349	0.0799303
-1.34203	0.0781703
-1.34057	0.0764197
-1.3391	0.0746786
-1.33764	0.0729468
-1.33618	0.0712243
-1.33472	0.0695112
-1.33325	0.0678074
-1.33179	0.0661128
-1.33033	0.0644275
-1.32886	0.0627514
-1.3274	0.0610845
-1.32594	0.0594267
-1.32448	0.0577782
-1.32301	0.0561387
-1.32155	0.0545083
-1.32009	0.052887
-1.31863	0.0512747
-1.31716	0.0496715
-1.3157	0.0480773
-1.31424	0.046492
-1.31277	0.0449157
-1.31131	0.0433483
-1.30985	0.0417897
-1.30839	0.0402401
-1.30692	0.0386993
-1.30546	0.0371674
-1.304	0.0356442
-1.30254	0.0341298
-1.30107	0.0326242
-1.29961	0.0311273
-1.29815	0.029639
-1.29669	0.0281595
-1.29522	0.0266886
-1.29376	0.0252264
-1.2923	0.0237727
-1.29083	0.0223276
-1.28937	0.0208911
-1.28791	0.0194632
-1.28645	0.0180437
-1.28498	0.0166327
-1.28352	0.0152301
-1.28206	0.013836
-1.2806	0.0124504
-1.27913	0.011073
-1.27767	0.0097041
-1.27621	0.00834349
-1.27474	0.0069912
-1.27328	0.0056472
-1.27182	0.00431146
-1.27036	0.00298397
-1.26889	0.00166469
-1.26743	0.000353619
-1.26597	-0.000949286
-1.26451	-0.00224404
-1.26304	-0.00353068
-1.26158	-0.00480921
-1.26012	-0.00607967
-1.25866	-0.00734208
-1.25719	-0.00859646
-1.25573	-0.00984284
-1.25427	-0.0110812
-1.2528	-0.0123117
-1.25134	-0.0135342
-1.24988	-0.0147488
-1.24842	-0.0159555
-1.24695	-0.0171543
-1.24549	-0.0183453
-1.24403	-0.0195285
-1.24257	-0.0207039
-1.2411	-0.0218715
-1.23964	-0.0230314
-1.23818	-0.0241835
-1.23671	-0.0253279
-1.23525	-0.0264647
-1.23379	-0.0275938
-1.23233	-0.0287153
-1.23086	-0.0298292
-1.2294	-0.0309355
-1.22794	-0.0320342
-1.22648	-0.0331254
-1.22501	-0.0342091
-1.22355	-0.0352853
-1.22209	-0.036354
-1.22062	-0.0374152
-1.21916	-0.0384691
-1.2177	-0.0395155
-1.21624	-0.0405546
-1.21477	-0.0415863
-1.21331	-0.0426107
-1.21185	-0.0436277
-1.21039	-0.0446375
-1.20892	-0.04564
-1.20746	-0.0466353
-1.206	-0.0476234
-1.20454	-0.0486042
-1.20307	-0.0495779
-1.20161	-0.0505445
-1.20015	-0.0515039
-1.19868	-0.0524562
-1.19722	-0.0534014
-1.19576	-0.0543396
-1.1943	-0.0552707
-1.19283	-0.0561948
-1.19137	-0.0571119
-1.18991	-0.0580221
-1.18845	-0.0589253
-1.18698	-0.0598216
-1.18552	-0.0607109
-1.18406	-0.0615934
-1.18259	-0.062469
-1.18113	-0.0633378
-1.17967	-0.0641998
-1.17821	-0.065055
-1.17674	-0.0659034
-1.17528	-0.0667451
-1.17382	-0.06758
-1.17236	-0.0684082
-1.17089	-0.0692298
-1.16943	-0.0700447
-1.16797	-0.0708529
-1.16651	-0.0716546
-1.16504	-0.0724496
-1.16358	-0.0732381
-1.16212	-0.07402
-1.16065	-0.0747954
-1.15919	-0.0755643
-1.15773	-0.0763267
-1.15627	-0.0770826
-1.1548	-0.0778321
-1.15334	-0.0785752
-1.15188	-0.0793119
-1.15042	-0.0800422
-1.14895	-0.0807661
-1.14749	-0.0814837
-1.14603	-0.082195
-1.14456	-0.0829
-1.1431	-0.0835988
-1.14164	-0.0842913
-1.14018	-0.0849775
-1.13871	-0.0856576
-1.13725	-0.0863315
-1.13579	-0.0869992
-1.13433	-0.0876608
-1.13286	-0.0883162
-1.1314	-0.0889656
-1.12994	-0.0896089
-1.12847	-0.0902461
-1.12701	-0.0908773
-1.12555	-0.0915025
-1.12409	-0.0921217
-1.12262	-0.0927349
-1.12116	-0.0933422
-1.1197	-0.0939435
-1.11824	-0.0945389
-1.11677	-0.0951285
-1.11531	-0.0957122
-1.11385	-0.09629
-1.11239	-0.096862
-1.11092	-0.0974282
-1.10946	-0.0979887
-1.108	-0.0985433
-1.10653	-0.0990923
-1.10507	-0.0996355
-1.10361	-0.100173
-1.10215	-0.100705
-1.10068	-0.101231
-1.09922	-0.101752
-1.09776	-0.102266
-1.0963	-0.102776
-1.09483	-0.10328
-1.09337	-0.103778
-1.09191	-0.10427
-1.09044	-0.104758
-1.08898	-0.105239
-1.08752	-0.105715
-1.08606	-0.106186
-1.08459	-0.106651
-1.08313	-0.107111
-1.08167	-0.107566
-1.08021	-0.108015
-1.07874	-0.108459
-1.07728	-0.108897
-1.07582	-0.10933
-1.07436	-0.109758
-1.07289	-0.110181
-1.07143	-0.110598
-1.06997	-0.11101
-1.0685	-0.111417
-1.06704	-0.111819
-1.06558	-0.112215
-1.06412	-0.112607
-1.06265	-0.112993
-1.06119	-0.113374
-1.05973	-0.11375
-1.05827	-0.114121
-1.0568	-0.114487
-1.05534	-0.114848
-1.05388	-0.115204
-1.05241	-0.115555
-1.05095	-0.115901
-1.04949	-0.116242
-1.04803	-0.116578
-1.04656	-0.116909
-1.0451	-0.117235
-1.04364	-0.117557
-1.04218	-0.117873
-1.04071	-0.118185
-1.03925	-0.118492
-1.03779	-0.118794
-1.03633	-0.119091
-1.03486	-0.119384
-1.0334	-0.119672
-1.03194	-0.119955
-1.03047	-0.120234
-1.02901	-0.120507
-1.02755	-0.120776
-1.02609	-0.121041
-1.02462	-0.121301
-1.02316	-0.121556
-1.0217	-0.121807
-1.02024	-0.122053
-1.01877	-0.122294
-1.01731	-0.122531
-1.01585	-0.122764
-1.01438	-0.122992
-1.01292	-0.123216
-1.01146	-0.123435
-1.01	-0.12365
-1.00853	-0.12386
-1.00707	-0.124066
-1.00561	-0.124267
-1.00415	-0.124465
-1.00268	-0.124657
-1.00122	-0.124846
-0.999758	-0.12503
-0.998295	-0.12521
-0.996832	-0.125386
-0.99537	-0.125557
-0.993907	-0.125725
-0.992444	-0.125888
-0.990981	-0.126047
-0.989519	-0.126201
-0.988056	-0.126352
-0.986593	-0.126498
-0.985131	-0.126641
-0.983668	-0.126779
-0.982205	-0.126913
-0.980743	-0.127043
-0.97928	-0.12717
-0.977817	-0.127292
-0.976354	-0.12741
-0.974892	-0.127524
-0.973429	-0.127634
-0.971966	-0.12774
-0.970504	-0.127842
-0.969041	-0.127941
-0.967578	-0.128035
-0.966116	-0.128126
-0.964653	-0.128213
-0.96319	-0.128296
-0.961728	-0.128375
-0.960265	-0.12845
-0.958802	-0.128522
-0.957339	-0.128589
-0.955877	-0.128653
-0.954414	-0.128714
-0.952951	-0.12877
-0.951489	-0.128823
-0.950026	-0.128873
-0.948563	-0.128918
-0.947101	-0.12896
-0.945638	-0.128998
-0.944175	-0.129033
-0.942712	-0.129064
-0.94125	-0.129092
-0.939787	-0.129116
-0.938324	-0.129137
-0.936862	-0.129154
-0.935399	-0.129167
-0.933936	-0.129177
-0.932474	-0.129184
-0.931011	-0.129187
-0.929548	-0.129187
-0.928085	-0.129183
-0.926623	-0.129176
-0.92516	-0.129165
-0.923697	-0.129152
-0.922235	-0.129134
-0.920772	-0.129114
-0.919309	-0.12909
-0.917847	-0.129063
-0.916384	-0.129033
-0.914921	-0.128999
-0.913459	-0.128962
-0.911996	-0.128922
-0.910533	-0.128879
-0.90907	-0.128833
-0.907608	-0.128783
-0.906145	-0.12873
-0.904682	-0.128675
-0.90322	-0.128616
-0.901757	-0.128554
-0.900294	-0.128488
-0.898832	-0.12842
-0.897369	-0.128349
-0.895906	-0.128275
-0.894443	-0.128197
-0.892981	-0.128117
-0.891518	-0.128034
-0.890055	-0.127948
-0.888593	-0.127859
-0.88713	-0.127766
-0.885667	-0.127671
-0.884205	-0.127574
-0.882742	-0.127473
-0.881279	-0.127369
-0.879817	-0.127263
-0.878354	-0.127153
-0.876891	-0.127041
-0.875428	-0.126926
-0.873966	-0.126809
-0.872503	-0.126688
-0.87104	-0.126565
-0.869578	-0.126439
-0.868115	-0.12631
-0.866652	-0.126179
-0.86519	-0.126045
-0.863727	-0.125908
-0.862264	-0.125769
-0.860801	-0.125627
-0.859339	-0.125482
-0.857876	-0.125335
-0.856413	-0.125185
-0.854951	-0.125033
-0.853488	-0.124878
-0.852025	-0.124721
-0.850563	-0.124561
-0.8491	-0.124398
-0.847637	-0.124233
-0.846174	-0.124066
-0.844712	-0.123896
-0.843249	-0.123724
-0.841786	-0.123549
-0.840324	-0.123372
-0.838861	-0.123192
-0.837398	-0.12301
-0.835936	-0.122826
-0.834473	-0.122639
-0.83301	-0.12245
-0.831548	-0.122259
-0.830085	-0.122065
-0.828622	-0.12187
-0.827159	-0.121672
-0.825697	-0.121471
-0.824234	-0.121269
-0.822771	-0.121064
-0.821309	-0.120857
-0.819846	-0.120647
-0.818383	-0.120436
-0.816921	-0.120222
-0.815458	-0.120007
-0.813995	-0.119789
-0.812532	-0.119569
-0.81107	-0.119347
-0.809607	-0.119123
-0.808144	-0.118897
-0.806682	-0.118668
-0.805219	-0.118438
-0.803756	-0.118206
-0.802294	-0.117971
-0.800831	-0.117735
-0.799368	-0.117497
-0.797905	-0.117257
-0.796443	-0.117014
-0.79498	-0.11677
-0.793517	-0.116524
-0.792055	-0.116276
-0.790592	-0.116026
-0.789129	-0.115775
-0.787667	-0.115521
-0.786204	-0.115266
-0.784741	-0.115009
-0.783279	-0.114749
-0.781816	-0.114489
-0.780353	-0.114226
-0.77889	-0.113962
-0.777428	-0.113695
-0.775965	-0.113428
-0.774502	-0.113158
-0.77304	-0.112887
-0.771577	-0.112614
-0.770114	-0.112339
-0.768652	-0.112063
-0.767189	-0.111785
-0.765726	-0.111505
-0.764263	-0.111224
-0.762801	-0.110941
-0.761338	-0.110656
-0.759875	-0.11037
-0.758413	-0.110082
-0.75695	-0.109793
-0.755487	-0.109503
-0.754025	-0.10921
-0.752562	-0.108917
-0.751099	-0.108621
-0.749636	-0.108325
-0.748174	-0.108026
-0.746711	-0.107727
-0.745248	-0.107426
-0.743786	-0.107123
-0.742323	-0.106819
-0.74086	-0.106514
-0.739398	-0.106207
-0.737935	-0.105899
-0.736472	-0.10559
-0.73501	-0.105279
-0.733547	-0.104967
-0.732084	-0.104653
-0.730621	-0.104338
-0.729159	-0.104022
-0.727696	-0.103705
-0.726233	-0.103387
-0.724771	-0.103067
-0.723308	-0.102746
-0.721845	-0.102424
-0.720383	-0.1021
-0.71892	-0.101776
-0.717457	-0.10145
-0.715994	-0.101123
-0.714532	-0.100795
-0.713069	-0.100465
-0.711606	-0.100135
-0.710144	-0.0998034
-0.708681	-0.0994708
-0.707218	-0.0991371
-0.705756	-0.0988024
-0.704293	-0.0984666
-0.70283	-0.0981297
-0.701367	-0.0977918
-0.699905	-0.0974529
-0.698442	-0.097113
-0.696979	-0.0967721
-0.695517	-0.0964302
-0.694054	-0.0960874
-0.692591	-0.0957436
-0.691129	-0.0953988
-0.689666	-0.0950532
-0.688203	-0.0947066
-0.686741	-0.0943591
-0.685278	-0.0940107
-0.683815	-0.0936615
-0.682352	-0.0933114
-0.68089	-0.0929604
-0.679427	-0.0926087
-0.677964	-0.092256
-0.676502	-0.0919026
-0.675039	-0.0915484
-0.673576	-0.0911934
-0.672114	-0.0908376
-0.670651	-0.0904811
-0.669188	-0.0901238
-0.667725	-0.0897658
-0.666263	-0.089407
-0.6648	-0.0890476
-0.663337	-0.0886874
-0.661875	-0.0883266
-0.660412	-0.0879651
-0.658949	-0.0876029
-0.657487	-0.0872401
-0.656024	-0.0868767
-0.654561	-0.0865126
-0.653098	-0.0861479
-0.651636	-0.0857826
-0.650173	-0.0854168
-0.64871	-0.0850503
-0.647248	-0.0846833
-0.645785	-0.0843158
-0.644322	-0.0839477
-0.64286	-0.0835791
-0.641397	-0.0832099
-0.639934	-0.0828403
-0.638472	-0.0824702
-0.637009	-0.0820996
-0.635546	-0.0817286
-0.634083	-0.081357
-0.632621	-0.0809851
-0.631158	-0.0806127
-0.629695	-0.0802399
-0.628233	-0.0798667
-0.62677	-0.0794931
-0.625307	-0.0791191
-0.623845	-0.0787448
-0.622382	-0.0783701
-0.620919	-0.077995
-0.619456	-0.0776196
-0.617994	-0.0772439
-0.616531	-0.0768679
-0.615068	-0.0764916
-0.613606	-0.0761149
-0.612143	-0.075738
-0.61068	-0.0753609
-0.609218	-0.0749835
-0.607755	-0.0746058
-0.606292	-0.0742279
-0.604829	-0.0738498
-0.603367	-0.0734715
-0.601904	-0.073093
-0.600441	-0.0727143
-0.598979	-0.0723354
-0.597516	-0.0719564
-0.596053	-0.0715772
-0.594591	-0.0711979
-0.593128	-0.0708184
-0.591665	-0.0704389
-0.590203	-0.0700592
-0.58874	-0.0696794
-0.587277	-0.0692995
-0.585814	-0.0689196
-0.584352	-0.0685396
-0.582889	-0.0681595
-0.581426	-0.0677794
-0.579964	-0.0673993
-0.578501	-0.0670192
-0.577038	-0.066639
-0.575576	-0.0662589
-0.574113	-0.0658787
-0.57265	-0.0654986
-0.571187	-0.0651185
-0.569725	-0.0647385
-0.568262	-0.0643585
-0.566799	-0.0639786
-0.565337	-0.0635988
-0.563874	-0.063219
-0.562411	-0.0628394
-0.560949	-0.0624598
-0.559486	-0.0620804
-0.558023	-0.0617011
-0.55656	-0.061322
-0.555098	-0.060943
-0.553635	-0.0605642
-0.552172	-0.0601855
-0.55071	-0.059807
-0.549247	-0.0594287
-0.547784	-0.0590506
-0.546322	-0.0586728
-0.544859	-0.0582951
-0.543396	-0.0579177
-0.541934	-0.0575405
-0.540471	-0.0571636
-0.539008	-0.056787
-0.537545	-0.0564106
-0.536083	-0.0560345
-0.53462	-0.0556587
-0.533157	-0.0552832
-0.531695	-0.0549081
-0.530232	-0.0545332
-0.528769	-0.0541587
-0.527307	-0.0537845
-0.525844	-0.0534107
-0.524381	-0.0530373
-0.522918	-0.0526642
-0.521456	-0.0522915
-0.519993	-0.0519192
-0.51853	-0.0515473
-0.517068	-0.0511758
-0.515605	-0.0508048
-0.514142	-0.0504341
-0.51268	-0.050064
-0.511217	-0.0496942
-0.509754	-0.049325
-0.508291	-0.0489562
-0.506829	-0.0485879
-0.505366	-0.04822
-0.503903	-0.0478527
-0.502441	-0.0474859
-0.500978	-0.0471196
-0.499515	-0.0467539
-0.498053	-0.0463886
-0.49659	-0.0460239
-0.495127	-0.0456598
-0.493665	-0.0452963
-0.492202	-0.0449333
-0.490739	-0.0445709
-0.489276	-0.0442091
-0.487814	-0.0438479
-0.486351	-0.0434873
-0.484888	-0.0431273
-0.483426	-0.042768
-0.481963	-0.0424093
-0.4805	-0.0420513
-0.479038	-0.0416939
-0.477575	-0.0413371
-0.476112	-0.0409811
-0.474649	-0.0406257
-0.473187	-0.0402711
-0.471724	-0.0399171
-0.470261	-0.0395638
-0.468799	-0.0392113
-0.467336	-0.0388595
-0.465873	-0.0385084
-0.464411	-0.0381581
-0.462948	-0.0378085
-0.461485	-0.0374597
-0.460022	-0.0371117
-0.45856	-0.0367645
-0.457097	-0.036418
-0.455634	-0.0360723
-0.454172	-0.0357275
-0.452709	-0.0353834
-0.451246	-0.0350402
-0.449784	-0.0346978
-0.448321	-0.0343563
-0.446858	-0.0340156
-0.445396	-0.0336758
-0.443933	-0.0333368
-0.44247	-0.0329987
-0.441007	-0.0326615
-0.439545	-0.0323252
-0.438082	-0.0319898
-0.436619	-0.0316552
-0.435157	-0.0313216
-0.433694	-0.030989
-0.432231	-0.0306572
-0.430769	-0.0303264
-0.429306	-0.0299966
-0.427843	-0.0296677
-0.42638	-0.0293397
-0.424918	-0.0290128
-0.423455	-0.0286868
-0.421992	-0.0283618
-0.42053	-0.0280378
-0.419067	-0.0277148
-0.417604	-0.0273929
-0.416142	-0.0270719
-0.414679	-0.026752
-0.413216	-0.0264331
-0.411753	-0.0261153
-0.410291	-0.0257985
-0.408828	-0.0254827
-0.407365	-0.025168
-0.405903	-0.0248544
-0.40444	-0.0245419
-0.402977	-0.0242305
-0.401515	-0.0239202
-0.400052	-0.023611
-0.398589	-0.0233028
-0.397127	-0.0229959
-0.395664	-0.02269
-0.394201	-0.0223853
-0.392738	-0.0220817
-0.391276	-0.0217792
-0.389813	-0.021478
-0.38835	-0.0211778
-0.386888	-0.0208789
-0.385425	-0.0205811
-0.383962	-0.0202845
-0.3825	-0.0199892
-0.381037	-0.019695
-0.379574	-0.019402
-0.378111	-0.0191102
-0.376649	-0.0188197
-0.375186	-0.0185304
-0.373723	-0.0182423
-0.372261	-0.0179555
-0.370798	-0.0176699
-0.369335	-0.0173855
-0.367873	-0.0171025
-0.36641	-0.0168207
-0.364947	-0.0165402
-0.363484	-0.0162609
-0.362022	-0.015983
-0.360559	-0.0157064
-0.359096	-0.015431
-0.357634	-0.015157
-0.356171	-0.0148843
-0.354708	-0.0146129
-0.353246	-0.0143429
-0.351783	-0.0140742
-0.35032	-0.0138068
-0.348858	-0.0135408
-0.347395	-0.0132761
-0.345932	-0.0130128
-0.344469	-0.0127509
-0.343007	-0.0124904
-0.341544	-0.0122312
-0.340081	-0.0119735
-0.338619	-0.0117171
-0.337156	-0.0114621
-0.335693	-0.0112086
-0.334231	-0.0109564
-0.332768	-0.0107057
-0.331305	-0.0104564
-0.329842	-0.0102086
-0.32838	-0.00996216
-0.326917	-0.0097172
-0.325454	-0.00947369
-0.323992	-0.00923163
-0.322529	-0.00899105
-0.321066	-0.00875194
-0.319604	-0.0085143
-0.318141	-0.00827815
-0.316678	-0.00804349
-0.315215	-0.00781032
-0.313753	-0.00757866
-0.31229	-0.0073485
-0.310827	-0.00711986
-0.309365	-0.00689273
-0.307902	-0.00666714
-0.306439	-0.00644307
-0.304977	-0.00622054
-0.303514	-0.00599955
-0.302051	-0.00578011
-0.300589	-0.00556222
-0.299126	-0.0053459
-0.297663	-0.00513114
-0.2962	-0.00491794
-0.294738	-0.00470633
-0.293275	-0.0044963
-0.291812	-0.00428785
-0.29035	-0.004081
-0.288887	-0.00387575
-0.287424	-0.0036721
-0.285962	-0.00347006
-0.284499	-0.00326964
-0.283036	-0.00307083
-0.281573	-0.00287365
-0.280111	-0.0026781
-0.278648	-0.00248419
-0.277185	-0.00229191
-0.275723	-0.00210128
-0.27426	-0.00191231
-0.272797	-0.00172499
-0.271335	-0.00153934
-0.269872	-0.00135535
-0.268409	-0.00117303
-0.266946	-0.000992391
-0.265484	-0.000813433
-0.264021	-0.000636162
-0.262558	-0.000460584
-0.261096	-0.000286703
-0.259633	-0.000114524
-0.25817	5.59492e-05
-0.256708	0.000224711
-0.255245	0.000391757
-0.253782	0.000557082
-0.25232	0.000720681
-0.250857	0.000882548
-0.249394	0.00104268
-0.247931	0.00120107
-0.246469	0.00135771
-0.245006	0.00151261
-0.243543	0.00166575
-0.242081	0.00181714
-0.240618	0.00196676
-0.239155	0.00211461
-0.237693	0.00226069
-0.23623	0.002405
-0.234767	0.00254752
-0.233304	0.00268826
-0.231842	0.0028272
-0.230379	0.00296435
-0.228916	0.0030997
-0.227454	0.00323325
-0.225991	0.00336499
-0.224528	0.00349493
-0.223066	0.00362304
-0.221603	0.00374934
-0.22014	0.00387381
-0.218677	0.00399645
-0.217215	0.00411726
-0.215752	0.00423623
-0.214289	0.00435337
-0.212827	0.00446865
-0.211364	0.00458209
-0.209901	0.00469368
-0.208439	0.00480341
-0.206976	0.00491127
-0.205513	0.00501728
-0.204051	0.00512141
-0.202588	0.00522368
-0.201125	0.00532407
-0.199662	0.00542257
-0.1982	0.00551919
-0.196737	0.00561393
-0.195274	0.00570677
-0.193812	0.00579772
-0.192349	0.00588678
-0.190886	0.00597393
-0.189424	0.00605917
-0.187961	0.00614251
-0.186498	0.00622393
-0.185035	0.00630344
-0.183573	0.00638102
-0.18211	0.00645668
-0.180647	0.00653042
-0.179185	0.00660223
-0.177722	0.0066721
-0.176259	0.00674004
-0.174797	0.00680603
-0.173334	0.00687009
-0.171871	0.00693219
-0.170408	0.00699235
-0.168946	0.00705055
-0.167483	0.0071068
-0.16602	0.00716109
-0.164558	0.00721342
-0.163095	0.00726378
-0.161632	0.00731217
-0.16017	0.00735859
-0.158707	0.00740303
-0.157244	0.0074455
-0.155782	0.00748598
-0.154319	0.00752448
-0.152856	0.007561
-0.151393	0.00759553
-0.149931	0.00762806
-0.148468	0.0076586
-0.147005	0.00768714
-0.145543	0.00771368
-0.14408	0.00773821
-0.142617	0.00776075
-0.141155	0.00778127
-0.139692	0.00779978
-0.138229	0.00781627
-0.136766	0.00783075
-0.135304	0.00784321
-0.133841	0.00785364
-0.132378	0.00786205
-0.130916	0.00786844
-0.129453	0.00787279
-0.12799	0.00787512
-0.126528	0.00787541
-0.125065	0.00787366
-0.123602	0.00786987
-0.122139	0.00786404
-0.120677	0.00785617
-0.119214	0.00784626
-0.117751	0.00783429
-0.116289	0.00782027
-0.114826	0.0078042
-0.113363	0.00778608
-0.111901	0.0077659
-0.110438	0.00774366
-0.108975	0.00771936
-0.107513	0.007693
-0.10605	0.00766457
-0.104587	0.00763407
-0.103124	0.0076015
-0.101662	0.00756687
-0.100199	0.00753016
-0.0987363	0.00749137
-0.0972736	0.00745051
-0.0958109	0.00740757
-0.0943482	0.00736254
-0.0928856	0.00731544
-0.0914229	0.00726625
-0.0899602	0.00721498
-0.0884975	0.00716162
-0.0870348	0.00710617
-0.0855721	0.00704863
-0.0841094	0.00698899
-0.0826467	0.00692726
-0.081184	0.00686343
-0.0797213	0.00679751
-0.0782586	0.00672949
-0.0767959	0.00665937
-0.0753332	0.00658715
-0.0738705	0.00651283
-0.0724078	0.0064364
-0.0709451	0.00635787
-0.0694824	0.00627723
-0.0680197	0.00619447
-0.066557	0.00610961
-0.0650943	0.00602264
-0.0636316	0.00593356
-0.0621689	0.00584236
-0.0607062	0.00574905
-0.0592435	0.00565362
-0.0577808	0.00555608
-0.0563181	0.00545641
-0.0548554	0.00535463
-0.0533927	0.00525073
-0.05193	0.00514471
-0.0504673	0.00503656
-0.0490046	0.00492629
-0.0475419	0.0048139
-0.0460792	0.00469939
-0.0446166	0.00458274
-0.0431539	0.00446397
-0.0416912	0.00434307
-0.0402285	0.00422005
-0.0387658	0.00409489
-0.0373031	0.00396761
-0.0358404	0.00383819
-0.0343777	0.00370664
-0.032915	0.00357297
-0.0314523	0.00343716
-0.0299896	0.00329921
-0.0285269	0.00315913
-0.0270642	0.00301692
-0.0256015	0.00287257
-0.0241388	0.00272609
-0.0226761	0.00257747
-0.0212134	0.00242672
-0.0197507	0.00227383
-0.018288	0.0021188
-0.0168253	0.00196164
-0.0153626	0.00180233
-0.0138999	0.00164089
-0.0124372	0.00147731
-0.0109745	0.00131159
-0.00951183	0.00114373
-0.00804913	0.000973734
-0.00658643	0.000801592
-0.00512374	0.000627309
-0.00366104	0.000450882
-0.00219834	0.000272308
-0.000735645	9.15855e-05
0.000727052	-9.12899e-05
0.00218975	-0.000276324
0.00365245	-0.000463528
0.00511514	-0.00065291
0.00657784	-0.000844482
0.00804054	-0.00103827
0.00950323	-0.0012343
0.0109659	-0.00143261
0.0124286	-0.00163324
0.0138913	-0.00183627
0.015354	-0.00204181
0.0168167	-0.00224997
0.0182794	-0.00246087
0.0197421	-0.00267475
0.0212048	-0.00289195
0.0226675	-0.00311282
0.0241302	-0.00333772
0.0255929	-0.0035673
0.0270556	-0.00380251
0.0285183	-0.00404433
0.029981	-0.00429376
0.0314437	-0.00455248
0.0329064	-0.00482293
0.0343691	-0.0051076
0.0358318	-0.00540902
0.0372945	-0.00573123
0.0387572	-0.00607996
0.0402199	-0.006461
0.0416826	-0.00688027
0.0431453	-0.00734666
0.044608	-0.0078724
0.0460707	-0.00846993
0.0475334	-0.00915183
0.0489961	-0.00993597
0.0504587	-0.0108462
0.0519214	-0.0119066
0.0533841	-0.0131417
0.0548468	-0.014584
0.0563095	-0.0162755
0.0577722	-0.0182586
0.0592349	-0.0205762
0.0606976	-0.0232815
0.0621603	-0.0264407
0.063623	-0.0301201
0.0650857	-0.0343869
0.0665484	-0.0393188
0.0680111	-0.0450065
0.0694738	-0.0515415
0.0709365	-0.0590155
0.0723992	-0.0675264
0.0738619	-0.0771796
0.0753246	-0.088081
0.0767873	-0.100336
0.07825	-0.114046
0.0797127	-0.129304
0.0811754	-0.146203
0.0826381	-0.164836
0.0841008	-0.185274
0.0855635	-0.207556
0.0870262	-0.231721
0.0884889	-0.257806
0.0899516	-0.285806
0.0914143	-0.315661
0.092877	-0.347307
0.0943397	-0.38068
0.0958024	-0.41566
0.097265	-0.452053
0.0987277	-0.489665
0.10019	-0.528295
0.101653	-0.567696
0.103116	-0.607548
0.104579	-0.647531
0.106041	-0.68732
0.107504	-0.726566
0.108967	-0.764883
0.110429	-0.801882
0.111892	-0.837174
0.113355	-0.870386
0.114817	-0.901161
0.11628	-0.929143
0.117743	-0.95398
0.119206	-0.975373
0.120668	-0.993102
0.122131	-1.00695
0.123594	-1.01671
0.125056	-1.02225
0.126519	-1.02355
0.127982	-1.02061
0.129444	-1.01343
0.130907	-1.00208
0.13237	-0.986771
0.133832	-0.967699
0.135295	-0.945075
0.136758	-0.919162
0.138221	-0.890305
0.139683	-0.858855
0.141146	-0.825162
0.142609	-0.789594
0.144071	-0.752538
0.145534	-0.714383
0.146997	-0.675518
0.148459	-0.636308
0.149922	-0.597084
0.151385	-0.558171
0.152848	-0.519897
0.15431	-0.48254
0.155773	-0.446309
0.157236	-0.411407
0.158698	-0.378037
0.160161	-0.34635
0.161624	-0.316422
0.163086	-0.288321
0.164549	-0.262117
0.166012	-0.237838
0.167475	-0.215456
0.168937	-0.194935
0.1704	-0.176241
0.171863	-0.159316
0.173325	-0.144072
0.174788	-0.130417
0.176251	-0.118258
0.177713	-0.107499
0.179176	-0.0980349
0.180639	-0.0897589
0.182101	-0.0825653
0.183564	-0.076353
0.185027	-0.0710288
0.18649	-0.0665002
0.187952	-0.0626748
0.189415	-0.0594689
0.190878	-0.0568136
0.19234	-0.0546409
0.193803	-0.0528832
0.195266	-0.0514813
0.196728	-0.0503903
0.198191	-0.049567
0.199654	-0.0489677
0.201117	-0.0485557
0.202579	-0.0483051
0.204042	-0.0481908
0.205505	-0.0481882
0.206967	-0.0482765
0.20843	-0.0484422
0.209893	-0.0486725
0.211355	-0.0489545
0.212818	-0.0492778
0.214281	-0.0496359
0.215744	-0.0500228
0.217206	-0.0504325
0.218669	-0.0508601
0.220132	-0.0513028
0.221594	-0.0517581
0.223057	-0.0522233
0.22452	-0.0526964
0.225982	-0.0531763
0.227445	-0.0536619
0.228908	-0.0541522
0.23037	-0.0546465
0.231833	-0.0551442
0.233296	-0.0556451
0.234759	-0.0561488
0.236221	-0.0566549
0.237684	-0.0571633
0.239147	-0.057674
0.240609	-0.0581867
0.242072	-0.0587014
0.243535	-0.0592181
0.244997	-0.0597366
0.24646	-0.0602569
0.247923	-0.0607791
0.249386	-0.061303
0.250848	-0.0618287
0.252311	-0.0623562
0.253774	-0.0628854
0.255236	-0.0634164
0.256699	-0.0639491
0.258162	-0.0644835
0.259624	-0.0650196
0.261087	-0.0655575
0.26255	-0.066097
0.264013	-0.0666383
0.265475	-0.0671812
0.266938	-0.0677258
0.268401	-0.0682721
0.269863	-0.0688201
0.271326	-0.0693697
0.272789	-0.0699211
0.274251	-0.0704741
0.275714	-0.0710287
0.277177	-0.071585
0.278639	-0.0721429
0.280102	-0.0727025
0.281565	-0.0732637
0.283028	-0.0738266
0.28449	-0.074391
0.285953	-0.0749571
0.287416	-0.0755248
0.288878	-0.0760941
0.290341	-0.0766651
0.291804	-0.0772376
0.293266	-0.0778117
0.294729	-0.0783874
0.296192	-0.0789647
0.297655	-0.0795435
0.299117	-0.0801239
0.30058	-0.0807059
0.302043	-0.0812895
0.303505	-0.0818746
0.304968	-0.0824612
0.306431	-0.0830494
0.307893	-0.0836392
0.309356	-0.0842304
0.310819	-0.0848232
0.312281	-0.0854175
0.313744	-0.0860133
0.315207	-0.0866107
0.31667	-0.0872095
0.318132	-0.0878098
0.319595	-0.0884117
0.321058	-0.089015
0.32252	-0.0896197
0.323983	-0.090226
0.325446	-0.0908337
0.326908	-0.0914429
0.328371	-0.0920535
0.329834	-0.0926656
0.331297	-0.0932791
0.332759	-0.0938941
0.334222	-0.0945104
0.335685	-0.0951282
0.337147	-0.0957475
0.33861	-0.0963681
0.340073	-0.0969901
0.341535	-0.0976136
0.342998	-0.0982384
0.344461	-0.0988646
0.345924	-0.0994922
0.347386	-0.100121
0.348849	-0.100751
0.350312	-0.101383
0.351774	-0.102016
0.353237	-0.102651
0.3547	-0.103286
0.356162	-0.103923
0.357625	-0.104562
0.359088	-0.105201
0.36055	-0.105842
0.362013	-0.106485
0.363476	-0.107128
0.364939	-0.107773
0.366401	-0.108419
0.367864	-0.109067
0.369327	-0.109716
0.370789	-0.110366
0.372252	-0.111017
0.373715	-0.111669
0.375177	-0.112323
0.37664	-0.112978
0.378103	-0.113634
0.379566	-0.114292
0.381028	-0.11495
0.382491	-0.11561
0.383954	-0.116271
0.385416	-0.116933
0.386879	-0.117597
0.388342	-0.118262
0.389804	-0.118927
0.391267	-0.119594
0.39273	-0.120262
0.394193	-0.120932
0.395655	-0.121602
0.397118	-0.122274
0.398581	-0.122946
0.400043	-0.12362
0.401506	-0.124295
0.402969	-0.124971
0.404431	-0.125648
0.405894	-0.126326
0.407357	-0.127005
0.408819	-0.127686
0.410282	-0.128367
0.411745	-0.12905
0.413208	-0.129733
0.41467	-0.130418
0.416133	-0.131103
0.417596	-0.13179
0.419058	-0.132478
0.420521	-0.133166
0.421984	-0.133856
0.423446	-0.134547
0.424909	-0.135238
0.426372	-0.135931
0.427835	-0.136624
0.429297	-0.137319
0.43076	-0.138014
0.432223	-0.138711
0.433685	-0.139408
0.435148	-0.140107
0.436611	-0.140806
0.438073	-0.141506
0.439536	-0.142207
0.440999	-0.142909
0.442462	-0.143612
0.443924	-0.144316
0.445387	-0.145021
0.44685	-0.145726
0.448312	-0.146432
0.449775	-0.14714
0.451238	-0.147848
0.4527	-0.148557
0.454163	-0.149266
0.455626	-0.149977
0.457088	-0.150688
0.458551	-0.1514
0.460014	-0.152113
0.461477	-0.152827
0.462939	-0.153541
0.464402	-0.154257
0.465865	-0.154973
0.467327	-0.155689
0.46879	-0.156407
0.470253	-0.157125
0.471715	-0.157844
0.473178	-0.158564
0.474641	-0.159284
0.476104	-0.160005
0.477566	-0.160727
0.479029	-0.161449
0.480492	-0.162172
0.481954	-0.162896
0.483417	-0.16362
0.48488	-0.164345
0.486342	-0.165071
0.487805	-0.165797
0.489268	-0.166524
0.490731	-0.167251
0.492193	-0.167979
0.493656	-0.168708
0.495119	-0.169437
0.496581	-0.170167
0.498044	-0.170897
0.499507	-0.171628
0.500969	-0.17236
0.502432	-0.173092
0.503895	-0.173824
0.505357	-0.174557
0.50682	-0.175291
0.508283	-0.176025
0.509746	-0.176759
0.511208	-0.177494
0.512671	-0.17823
0.514134	-0.178965
0.515596	-0.179702
0.517059	-0.180438
0.518522	-0.181176
0.519984	-0.181913
0.521447	-0.182651
0.52291	-0.183389
0.524373	-0.184128
0.525835	-0.184867
0.527298	-0.185607
0.528761	-0.186347
0.530223	-0.187087
0.531686	-0.187827
0.533149	-0.188568
0.534611	-0.189309
0.536074	-0.190051
0.537537	-0.190793
0.539	-0.191535
0.540462	-0.192277
0.541925	-0.19302
0.543388	-0.193762
0.54485	-0.194505
0.546313	-0.195249
0.547776	-0.195992
0.549238	-0.196736
0.550701	-0.19748
0.552164	-0.198224
0.553626	-0.198969
0.555089	-0.199713
0.556552	-0.200458
0.558015	-0.201203
0.559477	-0.201948
0.56094	-0.202693
0.562403	-0.203438
0.563865	-0.204183
0.565328	-0.204929
0.566791	-0.205674
0.568253	-0.20642
0.569716	-0.207165
0.571179	-0.207911
0.572642	-0.208657
0.574104	-0.209403
0.575567	-0.210148
0.57703	-0.210894
0.578492	-0.21164
0.579955	-0.212386
0.581418	-0.213132
0.58288	-0.213877
0.584343	-0.214623
0.585806	-0.215369
0.587269	-0.216114
0.588731	-0.21686
0.590194	-0.217605
0.591657	-0.218351
0.593119	-0.219096
0.594582	-0.219841
0.596045	-0.220586
0.597507	-0.221331
0.59897	-0.222076
0.600433	-0.22282
0.601895	-0.223565
0.603358	-0.224309
0.604821	-0.225053
0.606284	-0.225797
0.607746	-0.22654
0.609209	-0.227284
0.610672	-0.228027
0.612134	-0.228769
0.613597	-0.229512
0.61506	-0.230254
0.616522	-0.230996
0.617985	-0.231738
0.619448	-0.232479
0.620911	-0.23322
0.622373	-0.233961
0.623836	-0.234702
0.625299	-0.235442
0.626761	-0.236181
0.628224	-0.236921
0.629687	-0.237659
0.631149	-0.238398
0.632612	-0.239136
0.634075	-0.239874
0.635538	-0.240611
0.637	-0.241347
0.638463	-0.242084
0.639926	-0.24282
0.641388	-0.243555
0.642851	-0.24429
0.644314	-0.245024
0.645776	-0.245758
0.647239	-0.246491
0.648702	-0.247224
0.650164	-0.247956
0.651627	-0.248687
0.65309	-0.249418
0.654553	-0.250149
0.656015	-0.250878
0.657478	-0.251607
0.658941	-0.252336
0.660403	-0.253064
0.661866	-0.253791
0.663329	-0.254517
0.664791	-0.255243
0.666254	-0.255968
0.667717	-0.256693
0.66918	-0.257417
0.670642	-0.25814
0.672105	-0.258862
0.673568	-0.259583
0.67503	-0.260304
0.676493	-0.261024
0.677956	-0.261743
0.679418	-0.262461
0.680881	-0.263179
0.682344	-0.263895
0.683807	-0.264611
0.685269	-0.265326
0.686732	-0.26604
0.688195	-0.266753
0.689657	-0.267465
0.69112	-0.268177
0.692583	-0.268887
0.694045	-0.269597
0.695508	-0.270305
0.696971	-0.271013
0.698433	-0.271719
0.699896	-0.272425
0.701359	-0.27313
0.702822	-0.273833
0.704284	-0.274536
0.705747	-0.275237
0.70721	-0.275938
0.708672	-0.276637
0.710135	-0.277335
0.711598	-0.278032
0.71306	-0.278728
0.714523	-0.279423
0.715986	-0.280117
0.717449	-0.28081
0.718911	-0.281501
0.720374	-0.282192
0.721837	-0.282881
0.723299	-0.283569
0.724762	-0.284255
0.726225	-0.284941
0.727687	-0.285625
0.72915	-0.286308
0.730613	-0.28699
0.732076	-0.28767
0.733538	-0.288349
0.735001	-0.289027
0.736464	-0.289704
0.737926	-0.290379
0.739389	-0.291053
0.740852	-0.291725
0.742314	-0.292396
0.743777	-0.293066
0.74524	-0.293734
0.746702	-0.294401
0.748165	-0.295066
0.749628	-0.29573
0.751091	-0.296392
0.752553	-0.297053
0.754016	-0.297713
0.755479	-0.298371
0.756941	-0.299027
0.758404	-0.299682
0.759867	-0.300335
0.761329	-0.300987
0.762792	-0.301637
0.764255	-0.302286
0.765718	-0.302933
0.76718	-0.303578
0.768643	-0.304222
0.770106	-0.304864
0.771568	-0.305504
0.773031	-0.306143
0.774494	-0.30678
0.775956	-0.307415
0.777419	-0.308049
0.778882	-0.308681
0.780345	-0.309311
0.781807	-0.309939
0.78327	-0.310565
0.784733	-0.31119
0.786195	-0.311813
0.787658	-0.312434
0.789121	-0.313053
0.790583	-0.313671
0.792046	-0.314286
0.793509	-0.3149
0.794971	-0.315512
0.796434	-0.316122
0.797897	-0.316729
0.79936	-0.317335
0.800822	-0.317939
0.802285	-0.318541
0.803748	-0.319141
0.80521	-0.319739
0.806673	-0.320335
0.808136	-0.320929
0.809598	-0.321521
0.811061	-0.322111
0.812524	-0.322699
0.813987	-0.323284
0.815449	-0.323868
0.816912	-0.324449
0.818375	-0.325028
0.819837	-0.325606
0.8213	-0.32618
0.822763	-0.326753
0.824225	-0.327324
0.825688	-0.327892
0.827151	-0.328458
0.828614	-0.329022
0.830076	-0.329583
0.831539	-0.330143
0.833002	-0.3307
0.834464	-0.331254
0.835927	-0.331807
0.83739	-0.332357
0.838852	-0.332904
0.840315	-0.333449
0.841778	-0.333992
0.84324	-0.334533
0.844703	-0.335071
0.846166	-0.335606
0.847629	-0.336139
0.849091	-0.33667
0.850554	-0.337198
0.852017	-0.337724
0.853479	-0.338247
0.854942	-0.338768
0.856405	-0.339286
0.857867	-0.339801
0.85933	-0.340314
0.860793	-0.340824
0.862256	-0.341332
0.863718	-0.341837
0.865181	-0.342339
0.866644	-0.342839
0.868106	-0.343336
0.869569	-0.34383
0.871032	-0.344322
0.872494	-0.344811
0.873957	-0.345297
0.87542	-0.345781
0.876883	-0.346261
0.878345	-0.346739
0.879808	-0.347214
0.881271	-0.347686
0.882733	-0.348156
0.884196	-0.348622
0.885659	-0.349086
0.887121	-0.349546
0.888584	-0.350004
0.890047	-0.350459
0.891509	-0.350911
0.892972	-0.35136
0.894435	-0.351806
0.895898	-0.352249
0.89736	-0.352689
0.898823	-0.353126
0.900286	-0.353559
0.901748	-0.35399
0.903211	-0.354418
0.904674	-0.354843
0.906136	-0.355264
0.907599	-0.355683
0.909062	-0.356098
0.910525	-0.35651
0.911987	-0.356919
0.91345	-0.357325
0.914913	-0.357727
0.916375	-0.358126
0.917838	-0.358522
0.919301	-0.358915
0.920763	-0.359305
0.922226	-0.359691
0.923689	-0.360074
0.925152	-0.360453
0.926614	-0.360829
0.928077	-0.361202
0.92954	-0.361571
0.931002	-0.361937
0.932465	-0.3623
0.933928	-0.362659
0.93539	-0.363015
0.936853	-0.363367
0.938316	-0.363716
0.939778	-0.364061
0.941241	-0.364402
0.942704	-0.364741
0.944167	-0.365075
0.945629	-0.365406
0.947092	-0.365733
0.948555	-0.366057
0.950017	-0.366377
0.95148	-0.366694
0.952943	-0.367006
0.954405	-0.367316
0.955868	-0.367621
0.957331	-0.367923
0.958794	-0.36822
0.960256	-0.368515
0.961719	-0.368805
0.963182	-0.369092
0.964644	-0.369374
0.966107	-0.369653
0.96757	-0.369928
0.969032	-0.3702
0.970495	-0.370467
0.971958	-0.37073
0.973421	-0.37099
0.974883	-0.371245
0.976346	-0.371497
0.977809	-0.371744
0.979271	-0.371988
0.980734	-0.372228
0.982197	-0.372463
0.983659	-0.372695
0.985122	-0.372922
0.986585	-0.373146
0.988047	-0.373365
0.98951	-0.37358
0.990973	-0.373791
0.992436	-0.373998
0.993898	-0.3742
0.995361	-0.374399
0.996824	-0.374593
0.998286	-0.374783
0.999749	-0.374969
1.00121	-0.37515
1.00267	-0.375327
1.00414	-0.3755
1.0056	-0.375668
1.00706	-0.375833
1.00853	-0.375992
1.00999	-0.376148
1.01145	-0.376299
1.01291	-0.376445
1.01438	-0.376587
1.01584	-0.376725
1.0173	-0.376858
1.01876	-0.376987
1.02023	-0.377111
1.02169	-0.37723
1.02315	-0.377346
1.02461	-0.377456
1.02608	-0.377562
1.02754	-0.377663
1.029	-0.37776
1.03047	-0.377852
1.03193	-0.377939
1.03339	-0.378021
1.03485	-0.378099
1.03632	-0.378172
1.03778	-0.378241
1.03924	-0.378304
1.0407	-0.378363
1.04217	-0.378417
1.04363	-0.378466
1.04509	-0.378511
1.04656	-0.37855
1.04802	-0.378584
1.04948	-0.378614
1.05094	-0.378639
1.05241	-0.378659
1.05387	-0.378673
1.05533	-0.378683
1.05679	-0.378688
1.05826	-0.378688
1.05972	-0.378682
1.06118	-0.378672
1.06265	-0.378657
1.06411	-0.378636
1.06557	-0.37861
1.06703	-0.378579
1.0685	-0.378543
1.06996	-0.378502
1.07142	-0.378456
1.07288	-0.378404
1.07435	-0.378347
1.07581	-0.378285
1.07727	-0.378218
1.07873	-0.378145
1.0802	-0.378067
1.08166	-0.377983
1.08312	-0.377895
1.08459	-0.3778
1.08605	-0.377701
1.08751	-0.377596
1.08897	-0.377485
1.09044	-0.377369
1.0919	-0.377248
1.09336	-0.377121
1.09482	-0.376989
1.09629	-0.376851
1.09775	-0.376707
1.09921	-0.376558
1.10068	-0.376403
1.10214	-0.376242
1.1036	-0.376076
1.10506	-0.375904
1.10653	-0.375727
1.10799	-0.375544
1.10945	-0.375355
1.11091	-0.37516
1.11238	-0.37496
1.11384	-0.374753
1.1153	-0.374541
1.11676	-0.374323
1.11823	-0.374099
1.11969	-0.37387
1.12115	-0.373634
1.12262	-0.373392
1.12408	-0.373145
1.12554	-0.372891
1.127	-0.372632
1.12847	-0.372366
1.12993	-0.372095
1.13139	-0.371817
1.13285	-0.371534
1.13432	-0.371244
1.13578	-0.370948
1.13724	-0.370646
1.13871	-0.370338
1.14017	-0.370024
1.14163	-0.369703
1.14309	-0.369376
1.14456	-0.369043
1.14602	-0.368704
1.14748	-0.368358
1.14894	-0.368006
1.15041	-0.367648
1.15187	-0.367284
1.15333	-0.366913
1.15479	-0.366535
1.15626	-0.366151
1.15772	-0.365761
1.15918	-0.365365
1.16065	-0.364961
1.16211	-0.364552
1.16357	-0.364135
1.16503	-0.363713
1.1665	-0.363283
1.16796	-0.362847
1.16942	-0.362405
1.17088	-0.361956
1.17235	-0.3615
1.17381	-0.361037
1.17527	-0.360568
1.17674	-0.360092
1.1782	-0.35961
1.17966	-0.35912
1.18112	-0.358624
1.18259	-0.358121
1.18405	-0.357611
1.18551	-0.357094
1.18697	-0.35657
1.18844	-0.35604
1.1899	-0.355502
1.19136	-0.354958
1.19283	-0.354406
1.19429	-0.353848
1.19575	-0.353283
1.19721	-0.35271
1.19868	-0.352131
1.20014	-0.351544
1.2016	-0.35095
1.20306	-0.35035
1.20453	-0.349742
1.20599	-0.349126
1.20745	-0.348504
1.20891	-0.347875
1.21038	-0.347238
1.21184	-0.346594
1.2133	-0.345942
1.21477	-0.345284
1.21623	-0.344618
1.21769	-0.343944
1.21915	-0.343264
1.22062	-0.342576
1.22208	-0.34188
1.22354	-0.341177
1.225	-0.340467
1.22647	-0.339749
1.22793	-0.339023
1.22939	-0.33829
1.23086	-0.337549
1.23232	-0.336801
1.23378	-0.336046
1.23524	-0.335282
1.23671	-0.334511
1.23817	-0.333732
1.23963	-0.332946
1.24109	-0.332152
1.24256	-0.33135
1.24402	-0.33054
1.24548	-0.329723
1.24694	-0.328898
1.24841	-0.328064
1.24987	-0.327223
1.25133	-0.326375
1.2528	-0.325518
1.25426	-0.324653
1.25572	-0.32378
1.25718	-0.3229
1.25865	-0.322011
1.26011	-0.321114
1.26157	-0.32021
1.26303	-0.319297
1.2645	-0.318376
1.26596	-0.317447
1.26742	-0.31651
1.26889	-0.315564
1.27035	-0.314611
1.27181	-0.313649
1.27327	-0.312679
1.27474	-0.311701
1.2762	-0.310714
1.27766	-0.309719
1.27912	-0.308716
1.28059	-0.307704
1.28205	-0.306685
1.28351	-0.305656
1.28497	-0.304619
1.28644	-0.303574
1.2879	-0.30252
1.28936	-0.301458
1.29083	-0.300387
1.29229	-0.299308
1.29375	-0.29822
1.29521	-0.297123
1.29668	-0.296018
1.29814	-0.294904
1.2996	-0.293782
1.30106	-0.292651
1.30253	-0.291511
1.30399	-0.290362
1.30545	-0.289205
1.30692	-0.288039
1.30838	-0.286863
1.30984	-0.28568
1.3113	-0.284487
1.31277	-0.283285
1.31423	-0.282075
1.31569	-0.280855
1.31715	-0.279626
1.31862	-0.278389
1.32008	-0.277142
1.32154	-0.275887
1.32301	-0.274622
1.32447	-0.273348
1.32593	-0.272066
1.32739	-0.270774
1.32886	-0.269472
1.33032	-0.268162
1.33178	-0.266842
1.33324	-0.265514
1.33471	-0.264175
1.33617	-0.262828
1.33763	-0.261471
1.33909	-0.260105
1.34056	-0.25873
1.34202	-0.257345
1.34348	-0.255951
1.34495	-0.254547
1.34641	-0.253134
1.34787	-0.251711
1.34933	-0.250279
1.3508	-0.248837
1.35226	-0.247386
1.35372	-0.245925
1.35518	-0.244455
1.35665	-0.242974
1.35811	-0.241485
1.35957	-0.239985
1.36104	-0.238476
1.3625	-0.236957
1.36396	-0.235428
1.36542	-0.233889
1.36689	-0.232341
1.36835	-0.230783
1.36981	-0.229215
1.37127	-0.227636
1.37274	-0.226048
1.3742	-0.224451
1.37566	-0.222843
1.37712	-0.221225
1.37859	-0.219597
1.38005	-0.217959
1.38151	-0.216311
1.38298	-0.214652
1.38444	-0.212984
1.3859	-0.211306
1.38736	-0.209617
1.38883	-0.207918
1.39029	-0.206209
1.39175	-0.204489
1.39321	-0.20276
1.39468	-0.20102
1.39614	-0.199269
1.3976	-0.197508
1.39907	-0.195737
1.40053	-0.193956
1.40199	-0.192164
1.40345	-0.190361
1.40492	-0.188548
1.40638	-0.186725
1.40784	-0.184891
1.4093	-0.183046
1.41077	-0.181191
1.41223	-0.179325
1.41369	-0.177448
1.41515	-0.175561
1.41662	-0.173663
1.41808	-0.171754
1.41954	-0.169835
1.42101	-0.167904
1.42247	-0.165963
1.42393	-0.164011
1.42539	-0.162048
1.42686	-0.160075
1.42832	-0.15809
1.42978	-0.156094
1.43124	-0.154088
1.43271	-0.15207
1.43417	-0.150042
1.43563	-0.148002
1.4371	-0.145951
1.43856	-0.143889
1.44002	-0.141816
1.44148	-0.139732
1.44295	-0.137637
1.44441	-0.13553
1.44587	-0.133412
1.44733	-0.131283
1.4488	-0.129142
1.45026	-0.126991
1.45172	-0.124827
1.45319	-0.122653
1.45465	-0.120467
1.45611	-0.118269
1.45757	-0.116061
1.45904	-0.11384
1.4605	-0.111608
1.46196	-0.109365
1.46342	-0.10711
1.46489	-0.104843
1.46635	-0.102565
1.46781	-0.100275
1.46927	-0.0979735
1.47074	-0.09566
1.4722	-0.0933345
1.47366	-0.0909974
1.47513	-0.0886488
1.47659	-0.0862889
1.47805	-0.0839179
1.47951	-0.0815347
1.48098	-0.0791385
1.48244	-0.0767281
1.4839	-0.0743033
1.48536	-0.0718672
1.48683	-0.0694235
1.48829	-0.0669758
1.48975	-0.0644895
1.49122	-0.0620032
1.49268	-0.0595168
1.49414	-0.0572243
