1.916769595
1.294193565
1.496485734
1.431400074
1.452903998
1.4461911
1.44852213
1.447866142
1.448139194
1.448089068
1.448128848
1.448130586
1.448138888
1.448141517
1.448143753
1.448144751
1.448145319
1.448145535
1.448145584
1.448145535
1.448145444
1.448145337
1.448145232
1.448145136
1.448145052
1.448144982
1.448144925
1.448144878
1.448144841
1.448144812
1.44814479
1.448144772
1.448144759
1.448144749
1.448144741
1.448144735
1.448144731
1.448144728
1.448144725
1.448144723
1.448144722
1.448144721
1.448144721
1.44814472
1.44814472
1.448144719
1.448144719
1.448144719
1.448144719
