1.428160442
1.434596675
1.436392583
1.437459651
1.437960588
1.438186214
1.438286477
1.438326081
1.438342581
1.438348834
1.438351276
1.438352199
1.438352541
1.43835267
1.438352717
1.438352734
1.43835274
1.438352742
1.438352743
1.438352743
1.438352744
1.438352744
1.438352744
1.438352744
1.438352744
1.438352744
1.438352744
1.438352744
1.438352744
1.438352744
1.438352744
1.438352744
1.438352744
1.438352744
1.438352744
1.438352744
1.438352744
1.438352744
1.438352744
1.438352744
1.438352744
1.438352744
1.438352744
1.438352744
1.438352744
1.438352744
1.438352744
1.438352744
1.438352744
