-0.875	0.20712
-0.873289	0.207944
-0.871579	0.208767
-0.869868	0.209589
-0.868157	0.21041
-0.866447	0.211229
-0.864736	0.212048
-0.863025	0.212866
-0.861315	0.213682
-0.859604	0.214498
-0.857893	0.215313
-0.856183	0.216127
-0.854472	0.216941
-0.852761	0.217753
-0.851051	0.218565
-0.84934	0.219376
-0.84763	0.220187
-0.845919	0.220997
-0.844208	0.221807
-0.842498	0.222616
-0.840787	0.223425
-0.839076	0.224233
-0.837366	0.225041
-0.835655	0.225849
-0.833944	0.226656
-0.832234	0.227464
-0.830523	0.228271
-0.828812	0.229078
-0.827102	0.229885
-0.825391	0.230692
-0.82368	0.231499
-0.82197	0.232306
-0.820259	0.233114
-0.818548	0.233921
-0.816838	0.234729
-0.815127	0.235537
-0.813416	0.236345
-0.811706	0.237153
-0.809995	0.237962
-0.808284	0.238772
-0.806574	0.239582
-0.804863	0.240392
-0.803152	0.241204
-0.801442	0.242015
-0.799731	0.242828
-0.798021	0.243641
-0.79631	0.244455
-0.794599	0.24527
-0.792889	0.246086
-0.791178	0.246903
-0.789467	0.24772
-0.787757	0.248539
-0.786046	0.249359
-0.784335	0.25018
-0.782625	0.251002
-0.780914	0.251825
-0.779203	0.25265
-0.777493	0.253476
-0.775782	0.254303
-0.774071	0.255132
-0.772361	0.255962
-0.77065	0.256794
-0.768939	0.257627
-0.767229	0.258462
-0.765518	0.259299
-0.763807	0.260137
-0.762097	0.260977
-0.760386	0.261819
-0.758675	0.262663
-0.756965	0.263509
-0.755254	0.264357
-0.753543	0.265207
-0.751833	0.266059
-0.750122	0.266913
-0.748412	0.267769
-0.746701	0.268627
-0.74499	0.269488
-0.74328	0.270351
-0.741569	0.271216
-0.739858	0.272084
-0.738148	0.272954
-0.736437	0.273827
-0.734726	0.274703
-0.733016	0.275581
-0.731305	0.276462
-0.729594	0.277345
-0.727884	0.278231
-0.726173	0.279121
-0.724462	0.280013
-0.722752	0.280908
-0.721041	0.281806
-0.71933	0.282707
-0.71762	0.283611
-0.715909	0.284518
-0.714198	0.285428
-0.712488	0.286342
-0.710777	0.287259
-0.709066	0.28818
-0.707356	0.289103
-0.705645	0.290031
-0.703935	0.290961
-0.702224	0.291896
-0.700513	0.292834
-0.698803	0.293775
-0.697092	0.294721
-0.695381	0.29567
-0.693671	0.296623
-0.69196	0.29758
-0.690249	0.29854
-0.688539	0.299505
-0.686828	0.300474
-0.685117	0.301446
-0.683407	0.302423
-0.681696	0.303405
-0.679985	0.30439
-0.678275	0.30538
-0.676564	0.306373
-0.674853	0.307372
-0.673143	0.308375
-0.671432	0.309382
-0.669721	0.310394
-0.668011	0.31141
-0.6663	0.312431
-0.664589	0.313457
-0.662879	0.314487
-0.661168	0.315523
-0.659457	0.316563
-0.657747	0.317608
-0.656036	0.318658
-0.654326	0.319713
-0.652615	0.320773
-0.650904	0.321838
-0.649194	0.322908
-0.647483	0.323984
-0.645772	0.325064
-0.644062	0.32615
-0.642351	0.327242
-0.64064	0.328338
-0.63893	0.329441
-0.637219	0.330548
-0.635508	0.331662
-0.633798	0.33278
-0.632087	0.333905
-0.630376	0.335035
-0.628666	0.336171
-0.626955	0.337312
-0.625244	0.33846
-0.623534	0.339613
-0.621823	0.340773
-0.620112	0.341938
-0.618402	0.343109
-0.616691	0.344287
-0.61498	0.34547
-0.61327	0.34666
-0.611559	0.347856
-0.609848	0.349058
-0.608138	0.350266
-0.606427	0.351481
-0.604717	0.352702
-0.603006	0.35393
-0.601295	0.355164
-0.599585	0.356404
-0.597874	0.357652
-0.596163	0.358905
-0.594453	0.360166
-0.592742	0.361433
-0.591031	0.362707
-0.589321	0.363988
-0.58761	0.365275
-0.585899	0.36657
-0.584189	0.367871
-0.582478	0.369179
-0.580767	0.370495
-0.579057	0.371817
-0.577346	0.373146
-0.575635	0.374483
-0.573925	0.375827
-0.572214	0.377178
-0.570503	0.378536
-0.568793	0.379901
-0.567082	0.381274
-0.565371	0.382654
-0.563661	0.384042
-0.56195	0.385437
-0.560239	0.386839
-0.558529	0.388249
-0.556818	0.389667
-0.555108	0.391092
-0.553397	0.392524
-0.551686	0.393965
-0.549976	0.395413
-0.548265	0.396868
-0.546554	0.398332
-0.544844	0.399803
-0.543133	0.401282
-0.541422	0.402769
-0.539712	0.404264
-0.538001	0.405767
-0.53629	0.407277
-0.53458	0.408796
-0.532869	0.410323
-0.531158	0.411857
-0.529448	0.4134
-0.527737	0.414951
-0.526026	0.41651
-0.524316	0.418077
-0.522605	0.419652
-0.520894	0.421235
-0.519184	0.422827
-0.517473	0.424426
-0.515762	0.426035
-0.514052	0.427651
-0.512341	0.429276
-0.51063	0.430908
-0.50892	0.43255
-0.507209	0.434199
-0.505499	0.435857
-0.503788	0.437524
-0.502077	0.439199
-0.500367	0.440882
-0.498656	0.442574
-0.496945	0.444274
-0.495235	0.445983
-0.493524	0.4477
-0.491813	0.449425
-0.490103	0.45116
-0.488392	0.452902
-0.486681	0.454653
-0.484971	0.456413
-0.48326	0.458182
-0.481549	0.459958
-0.479839	0.461744
-0.478128	0.463538
-0.476417	0.465341
-0.474707	0.467152
-0.472996	0.468972
-0.471285	0.4708
-0.469575	0.472637
-0.467864	0.474483
-0.466153	0.476337
-0.464443	0.4782
-0.462732	0.480071
-0.461022	0.481951
-0.459311	0.483839
-0.4576	0.485737
-0.45589	0.487642
-0.454179	0.489556
-0.452468	0.491479
-0.450758	0.493411
-0.449047	0.495351
-0.447336	0.497299
-0.445626	0.499256
-0.443915	0.501221
-0.442204	0.503195
-0.440494	0.505178
-0.438783	0.507168
-0.437072	0.509168
-0.435362	0.511175
-0.433651	0.513191
-0.43194	0.515216
-0.43023	0.517249
-0.428519	0.51929
-0.426808	0.521339
-0.425098	0.523397
-0.423387	0.525463
-0.421676	0.527537
-0.419966	0.529619
-0.418255	0.53171
-0.416544	0.533809
-0.414834	0.535915
-0.413123	0.53803
-0.411413	0.540153
-0.409702	0.542284
-0.407991	0.544422
-0.406281	0.546569
-0.40457	0.548723
-0.402859	0.550886
-0.401149	0.553056
-0.399438	0.555233
-0.397727	0.557419
-0.396017	0.559612
-0.394306	0.561812
-0.392595	0.564021
-0.390885	0.566236
-0.389174	0.568459
-0.387463	0.57069
-0.385753	0.572927
-0.384042	0.575172
-0.382331	0.577424
-0.380621	0.579683
-0.37891	0.58195
-0.377199	0.584223
-0.375489	0.586503
-0.373778	0.58879
-0.372067	0.591084
-0.370357	0.593385
-0.368646	0.595692
-0.366935	0.598006
-0.365225	0.600326
-0.363514	0.602652
-0.361804	0.604985
-0.360093	0.607325
-0.358382	0.60967
-0.356672	0.612022
-0.354961	0.614379
-0.35325	0.616742
-0.35154	0.619112
-0.349829	0.621487
-0.348118	0.623867
-0.346408	0.626253
-0.344697	0.628645
-0.342986	0.631042
-0.341276	0.633444
-0.339565	0.635852
-0.337854	0.638264
-0.336144	0.640681
-0.334433	0.643103
-0.332722	0.64553
-0.331012	0.647962
-0.329301	0.650398
-0.32759	0.652839
-0.32588	0.655283
-0.324169	0.657732
-0.322458	0.660185
-0.320748	0.662642
-0.319037	0.665103
-0.317326	0.667567
-0.315616	0.670035
-0.313905	0.672507
-0.312195	0.674982
-0.310484	0.67746
-0.308773	0.679941
-0.307063	0.682424
-0.305352	0.684911
-0.303641	0.6874
-0.301931	0.689892
-0.30022	0.692387
-0.298509	0.694883
-0.296799	0.697382
-0.295088	0.699882
-0.293377	0.702384
-0.291667	0.704888
-0.289956	0.707394
-0.288245	0.7099
-0.286535	0.712408
-0.284824	0.714917
-0.283113	0.717427
-0.281403	0.719938
-0.279692	0.722449
-0.277981	0.72496
-0.276271	0.727472
-0.27456	0.729984
-0.272849	0.732496
-0.271139	0.735007
-0.269428	0.737518
-0.267717	0.740029
-0.266007	0.742538
-0.264296	0.745047
-0.262586	0.747555
-0.260875	0.750061
-0.259164	0.752566
-0.257454	0.755069
-0.255743	0.75757
-0.254032	0.76007
-0.252322	0.762567
-0.250611	0.765061
-0.2489	0.767553
-0.24719	0.770043
-0.245479	0.772529
-0.243768	0.775012
-0.242058	0.777492
-0.240347	0.779968
-0.238636	0.782441
-0.236926	0.784909
-0.235215	0.787374
-0.233504	0.789834
-0.231794	0.792289
-0.230083	0.79474
-0.228372	0.797186
-0.226662	0.799627
-0.224951	0.802063
-0.22324	0.804492
-0.22153	0.806917
-0.219819	0.809335
-0.218109	0.811747
-0.216398	0.814152
-0.214687	0.816551
-0.212977	0.818943
-0.211266	0.821329
-0.209555	0.823707
-0.207845	0.826077
-0.206134	0.82844
-0.204423	0.830795
-0.202713	0.833142
-0.201002	0.83548
-0.199291	0.83781
-0.197581	0.840131
-0.19587	0.842444
-0.194159	0.844747
-0.192449	0.84704
-0.190738	0.849324
-0.189027	0.851599
-0.187317	0.853863
-0.185606	0.856117
-0.183895	0.85836
-0.182185	0.860592
-0.180474	0.862814
-0.178763	0.865025
-0.177053	0.867224
-0.175342	0.869411
-0.173631	0.871586
-0.171921	0.87375
-0.17021	0.875901
-0.1685	0.87804
-0.166789	0.880166
-0.165078	0.882279
-0.163368	0.884378
-0.161657	0.886465
-0.159946	0.888537
-0.158236	0.890596
-0.156525	0.892641
-0.154814	0.894671
-0.153104	0.896687
-0.151393	0.898688
-0.149682	0.900675
-0.147972	0.902646
-0.146261	0.904601
-0.14455	0.906541
-0.14284	0.908466
-0.141129	0.910374
-0.139418	0.912266
-0.137708	0.914141
-0.135997	0.916
-0.134286	0.917842
-0.132576	0.919666
-0.130865	0.921474
-0.129154	0.923264
-0.127444	0.925036
-0.125733	0.92679
-0.124022	0.928526
-0.122312	0.930244
-0.120601	0.931943
-0.118891	0.933623
-0.11718	0.935285
-0.115469	0.936927
-0.113759	0.93855
-0.112048	0.940153
-0.110337	0.941737
-0.108627	0.9433
-0.106916	0.944844
-0.105205	0.946367
-0.103495	0.94787
-0.101784	0.949352
-0.100073	0.950813
-0.0983627	0.952253
-0.096652	0.953672
-0.0949413	0.955069
-0.0932307	0.956445
-0.09152	0.957799
-0.0898094	0.959131
-0.0880987	0.960441
-0.0863881	0.961729
-0.0846774	0.962995
-0.0829668	0.964238
-0.0812561	0.965458
-0.0795455	0.966655
-0.0778348	0.967829
-0.0761241	0.96898
-0.0744135	0.970108
-0.0727028	0.971212
-0.0709922	0.972293
-0.0692815	0.973349
-0.0675709	0.974382
-0.0658602	0.975391
-0.0641496	0.976376
-0.0624389	0.977336
-0.0607283	0.978272
-0.0590176	0.979184
-0.0573069	0.98007
-0.0555963	0.980932
-0.0538856	0.981769
-0.052175	0.982581
-0.0504643	0.983368
-0.0487537	0.98413
-0.047043	0.984866
-0.0453324	0.985577
-0.0436217	0.986263
-0.041911	0.986922
-0.0402004	0.987557
-0.0384897	0.988165
-0.0367791	0.988747
-0.0350684	0.989304
-0.0333578	0.989834
-0.0316471	0.990339
-0.0299365	0.990817
-0.0282258	0.991269
-0.0265152	0.991695
-0.0248045	0.992095
-0.0230938	0.992468
-0.0213832	0.992814
-0.0196725	0.993135
-0.0179619	0.993428
-0.0162512	0.993695
-0.0145406	0.993936
-0.0128299	0.99415
-0.0111193	0.994337
-0.0094086	0.994497
-0.00769795	0.994631
-0.00598729	0.994738
-0.00427664	0.994818
-0.00256598	0.994872
-0.000855327	0.994899
0.000855327	0.994899
0.00256598	0.994872
0.00427664	0.994818
0.00598729	0.994738
0.00769795	0.994631
0.0094086	0.994497
0.0111193	0.994337
0.0128299	0.99415
0.0145406	0.993936
0.0162512	0.993695
0.0179619	0.993428
0.0196725	0.993135
0.0213832	0.992814
0.0230938	0.992468
0.0248045	0.992095
0.0265152	0.991695
0.0282258	0.991269
0.0299365	0.990817
0.0316471	0.990339
0.0333578	0.989834
0.0350684	0.989304
0.0367791	0.988747
0.0384897	0.988165
0.0402004	0.987557
0.041911	0.986922
0.0436217	0.986263
0.0453324	0.985577
0.047043	0.984866
0.0487537	0.98413
0.0504643	0.983368
0.052175	0.982581
0.0538856	0.981769
0.0555963	0.980932
0.0573069	0.98007
0.0590176	0.979184
0.0607283	0.978272
0.0624389	0.977336
0.0641496	0.976376
0.0658602	0.975391
0.0675709	0.974382
0.0692815	0.973349
0.0709922	0.972293
0.0727028	0.971212
0.0744135	0.970108
0.0761241	0.96898
0.0778348	0.967829
0.0795455	0.966655
0.0812561	0.965458
0.0829668	0.964238
0.0846774	0.962995
0.0863881	0.961729
0.0880987	0.960441
0.0898094	0.959131
0.09152	0.957799
0.0932307	0.956445
0.0949413	0.955069
0.096652	0.953672
0.0983627	0.952253
0.100073	0.950813
0.101784	0.949352
0.103495	0.94787
0.105205	0.946367
0.106916	0.944844
0.108627	0.9433
0.110337	0.941737
0.112048	0.940153
0.113759	0.93855
0.115469	0.936927
0.11718	0.935285
0.118891	0.933623
0.120601	0.931943
0.122312	0.930244
0.124022	0.928526
0.125733	0.92679
0.127444	0.925036
0.129154	0.923264
0.130865	0.921474
0.132576	0.919666
0.134286	0.917842
0.135997	0.916
0.137708	0.914141
0.139418	0.912266
0.141129	0.910374
0.14284	0.908466
0.14455	0.906541
0.146261	0.904601
0.147972	0.902646
0.149682	0.900675
0.151393	0.898688
0.153104	0.896687
0.154814	0.894671
0.156525	0.892641
0.158236	0.890596
0.159946	0.888537
0.161657	0.886465
0.163368	0.884378
0.165078	0.882279
0.166789	0.880166
0.1685	0.87804
0.17021	0.875901
0.171921	0.87375
0.173631	0.871586
0.175342	0.869411
0.177053	0.867224
0.178763	0.865025
0.180474	0.862814
0.182185	0.860592
0.183895	0.85836
0.185606	0.856117
0.187317	0.853863
0.189027	0.851599
0.190738	0.849324
0.192449	0.84704
0.194159	0.844747
0.19587	0.842444
0.197581	0.840131
0.199291	0.83781
0.201002	0.83548
0.202713	0.833142
0.204423	0.830795
0.206134	0.82844
0.207845	0.826077
0.209555	0.823707
0.211266	0.821329
0.212977	0.818943
0.214687	0.816551
0.216398	0.814152
0.218109	0.811747
0.219819	0.809335
0.22153	0.806917
0.22324	0.804492
0.224951	0.802063
0.226662	0.799627
0.228372	0.797186
0.230083	0.79474
0.231794	0.792289
0.233504	0.789834
0.235215	0.787374
0.236926	0.784909
0.238636	0.782441
0.240347	0.779968
0.242058	0.777492
0.243768	0.775012
0.245479	0.772529
0.24719	0.770043
0.2489	0.767553
0.250611	0.765061
0.252322	0.762567
0.254032	0.76007
0.255743	0.75757
0.257454	0.755069
0.259164	0.752566
0.260875	0.750061
0.262586	0.747555
0.264296	0.745047
0.266007	0.742538
0.267717	0.740029
0.269428	0.737518
0.271139	0.735007
0.272849	0.732496
0.27456	0.729984
0.276271	0.727472
0.277981	0.72496
0.279692	0.722449
0.281403	0.719938
0.283113	0.717427
0.284824	0.714917
0.286535	0.712408
0.288245	0.7099
0.289956	0.707394
0.291667	0.704888
0.293377	0.702384
0.295088	0.699882
0.296799	0.697382
0.298509	0.694883
0.30022	0.692387
0.301931	0.689892
0.303641	0.6874
0.305352	0.684911
0.307063	0.682424
0.308773	0.679941
0.310484	0.67746
0.312195	0.674982
0.313905	0.672507
0.315616	0.670035
0.317326	0.667567
0.319037	0.665103
0.320748	0.662642
0.322458	0.660185
0.324169	0.657732
0.32588	0.655283
0.32759	0.652839
0.329301	0.650398
0.331012	0.647962
0.332722	0.64553
0.334433	0.643103
0.336144	0.640681
0.337854	0.638264
0.339565	0.635852
0.341276	0.633444
0.342986	0.631042
0.344697	0.628645
0.346408	0.626253
0.348118	0.623867
0.349829	0.621487
0.35154	0.619112
0.35325	0.616742
0.354961	0.614379
0.356672	0.612022
0.358382	0.60967
0.360093	0.607325
0.361804	0.604985
0.363514	0.602652
0.365225	0.600326
0.366935	0.598006
0.368646	0.595692
0.370357	0.593385
0.372067	0.591084
0.373778	0.58879
0.375489	0.586503
0.377199	0.584223
0.37891	0.58195
0.380621	0.579683
0.382331	0.577424
0.384042	0.575172
0.385753	0.572927
0.387463	0.57069
0.389174	0.568459
0.390885	0.566236
0.392595	0.564021
0.394306	0.561812
0.396017	0.559612
0.397727	0.557419
0.399438	0.555233
0.401149	0.553056
0.402859	0.550886
0.40457	0.548723
0.406281	0.546569
0.407991	0.544422
0.409702	0.542284
0.411413	0.540153
0.413123	0.53803
0.414834	0.535915
0.416544	0.533809
0.418255	0.53171
0.419966	0.529619
0.421676	0.527537
0.423387	0.525463
0.425098	0.523397
0.426808	0.521339
0.428519	0.51929
0.43023	0.517249
0.43194	0.515216
0.433651	0.513191
0.435362	0.511175
0.437072	0.509168
0.438783	0.507168
0.440494	0.505178
0.442204	0.503195
0.443915	0.501221
0.445626	0.499256
0.447336	0.497299
0.449047	0.495351
0.450758	0.493411
0.452468	0.491479
0.454179	0.489556
0.45589	0.487642
0.4576	0.485737
0.459311	0.483839
0.461022	0.481951
0.462732	0.480071
0.464443	0.4782
0.466153	0.476337
0.467864	0.474483
0.469575	0.472637
0.471285	0.4708
0.472996	0.468972
0.474707	0.467152
0.476417	0.465341
0.478128	0.463538
0.479839	0.461744
0.481549	0.459958
0.48326	0.458182
0.484971	0.456413
0.486681	0.454653
0.488392	0.452902
0.490103	0.45116
0.491813	0.449425
0.493524	0.4477
0.495235	0.445983
0.496945	0.444274
0.498656	0.442574
0.500367	0.440882
0.502077	0.439199
0.503788	0.437524
0.505499	0.435857
0.507209	0.434199
0.50892	0.43255
0.51063	0.430908
0.512341	0.429276
0.514052	0.427651
0.515762	0.426035
0.517473	0.424426
0.519184	0.422827
0.520894	0.421235
0.522605	0.419652
0.524316	0.418077
0.526026	0.41651
0.527737	0.414951
0.529448	0.4134
0.531158	0.411857
0.532869	0.410323
0.53458	0.408796
0.53629	0.407277
0.538001	0.405767
0.539712	0.404264
0.541422	0.402769
0.543133	0.401282
0.544844	0.399803
0.546554	0.398332
0.548265	0.396868
0.549976	0.395413
0.551686	0.393965
0.553397	0.392524
0.555108	0.391092
0.556818	0.389667
0.558529	0.388249
0.560239	0.386839
0.56195	0.385437
0.563661	0.384042
0.565371	0.382654
0.567082	0.381274
0.568793	0.379901
0.570503	0.378536
0.572214	0.377178
0.573925	0.375827
0.575635	0.374483
0.577346	0.373146
0.579057	0.371817
0.580767	0.370495
0.582478	0.369179
0.584189	0.367871
0.585899	0.36657
0.58761	0.365275
0.589321	0.363988
0.591031	0.362707
0.592742	0.361433
0.594453	0.360166
0.596163	0.358905
0.597874	0.357652
0.599585	0.356404
0.601295	0.355164
0.603006	0.35393
0.604717	0.352702
0.606427	0.351481
0.608138	0.350266
0.609848	0.349058
0.611559	0.347856
0.61327	0.34666
0.61498	0.34547
0.616691	0.344287
0.618402	0.343109
0.620112	0.341938
0.621823	0.340773
0.623534	0.339613
0.625244	0.33846
0.626955	0.337312
0.628666	0.336171
0.630376	0.335035
0.632087	0.333905
0.633798	0.33278
0.635508	0.331662
0.637219	0.330548
0.63893	0.329441
0.64064	0.328338
0.642351	0.327242
0.644062	0.32615
0.645772	0.325064
0.647483	0.323984
0.649194	0.322908
0.650904	0.321838
0.652615	0.320773
0.654326	0.319713
0.656036	0.318658
0.657747	0.317608
0.659457	0.316563
0.661168	0.315523
0.662879	0.314487
0.664589	0.313457
0.6663	0.312431
0.668011	0.31141
0.669721	0.310394
0.671432	0.309382
0.673143	0.308375
0.674853	0.307372
0.676564	0.306373
0.678275	0.30538
0.679985	0.30439
0.681696	0.303405
0.683407	0.302423
0.685117	0.301446
0.686828	0.300474
0.688539	0.299505
0.690249	0.29854
0.69196	0.29758
0.693671	0.296623
0.695381	0.29567
0.697092	0.294721
0.698803	0.293775
0.700513	0.292834
0.702224	0.291896
0.703935	0.290961
0.705645	0.290031
0.707356	0.289103
0.709066	0.28818
0.710777	0.287259
0.712488	0.286342
0.714198	0.285428
0.715909	0.284518
0.71762	0.283611
0.71933	0.282707
0.721041	0.281806
0.722752	0.280908
0.724462	0.280013
0.726173	0.279121
0.727884	0.278231
0.729594	0.277345
0.731305	0.276462
0.733016	0.275581
0.734726	0.274703
0.736437	0.273827
0.738148	0.272954
0.739858	0.272084
0.741569	0.271216
0.74328	0.270351
0.74499	0.269488
0.746701	0.268627
0.748412	0.267769
0.750122	0.266913
0.751833	0.266059
0.753543	0.265207
0.755254	0.264357
0.756965	0.263509
0.758675	0.262663
0.760386	0.261819
0.762097	0.260977
0.763807	0.260137
0.765518	0.259299
0.767229	0.258462
0.768939	0.257627
0.77065	0.256794
0.772361	0.255962
0.774071	0.255132
0.775782	0.254303
0.777493	0.253476
0.779203	0.25265
0.780914	0.251825
0.782625	0.251002
0.784335	0.25018
0.786046	0.249359
0.787757	0.248539
0.789467	0.24772
0.791178	0.246903
0.792889	0.246086
0.794599	0.24527
0.79631	0.244455
0.798021	0.243641
0.799731	0.242828
0.801442	0.242015
0.803152	0.241204
0.804863	0.240392
0.806574	0.239582
0.808284	0.238772
0.809995	0.237962
0.811706	0.237153
0.813416	0.236345
0.815127	0.235537
0.816838	0.234729
0.818548	0.233921
0.820259	0.233114
0.82197	0.232306
0.82368	0.231499
0.825391	0.230692
0.827102	0.229885
0.828812	0.229078
0.830523	0.228271
0.832234	0.227464
0.833944	0.226656
0.835655	0.225849
0.837366	0.225041
0.839076	0.224233
0.840787	0.223425
0.842498	0.222616
0.844208	0.221807
0.845919	0.220997
0.84763	0.220187
0.84934	0.219376
0.851051	0.218565
0.852761	0.217753
0.854472	0.216941
0.856183	0.216127
0.857893	0.215313
0.859604	0.214498
0.861315	0.213682
0.863025	0.212866
0.864736	0.212048
0.866447	0.211229
0.868157	0.21041
0.869868	0.209589
0.871579	0.208767
0.873289	0.207944
0.875	0.20712
